0.881382
0.889774
0.934337
0.863202
0.872426
0.873803
0.877261
0.869835
0.877485
0.884689
0.884011
0.880451
0.882354
0.880575
0.887697
0.886106
0.878544
0.874968
0.867404
0.855649
0.850492
0.864638
0.879097
0.892375
0.895208
0.887266
0.88844
0.874934
0.87444
0.877976
0.884065
0.884399
0.888135
0.887653
0.890385
0.88545
0.884562
0.888023
0.893558
0.893103
0.88603
0.880645
0.873717
0.85849
0.858339
0.867613
0.886107
0.893158
0.882827
0.891884
0.899524
0.882315
0.8818
0.875304
0.888835
0.891407
0.898607
0.893574
0.885459
0.883347
0.885121
0.886157
0.895293
0.891725
0.88458
0.879383
0.87398
0.857378
0.859471
0.867326
0.880407
0.898561
0.867349
0.904368
0.913112
0.887833
0.885718
0.884692
0.88817
0.890288
0.892904
0.892441
0.887231
0.88488
0.888532
0.897122
0.897242
0.896961
0.891753
0.886137
0.87228
0.869635
0.86838
0.87228
0.880162
0.899077
0.89358
0.909556
0.914372
0.892771
0.88859
0.889591
0.891072
0.894261
0.894471
0.892013
0.885009
0.877749
0.881362
0.884881
0.891143
0.88525
0.866809
0.863103
0.862779
0.860732
0.85156
0.854762
0.834806
0.889218
0.895632
0.891868
0.885905
0.901405
0.889759
0.885355
0.896029
0.90007
0.901244
0.895241
0.892784
0.892607
0.886627
0.89795
0.898354
0.892665
0.881313
0.881478
0.876761
0.86596
0.865591
0.873742
0.884811
0.899735
0.901639
0.911409
0.904849
0.888896
0.887337
0.889569
0.890104
0.893553
0.895252
0.896473
0.889208
0.890998
0.889383
0.892265
0.895267
0.893818
0.888993
0.886126
0.879146
0.873038
0.867992
0.881292
0.898797
0.907682
0.900542
0.909584
0.893499
0.894872
0.873175
0.886525
0.882015
0.886776
0.89507
0.892397
0.891146
0.887842
0.886952
0.895162
0.896606
0.894946
0.883582
0.8787
0.875101
0.868274
0.864979
0.878153
0.894518
0.906606
0.89364
0.899414
0.881842
0.885754
0.878359
0.886944
0.885848
0.878979
0.884948
0.883418
0.880398
0.879879
0.874566
0.878142
0.881723
0.881793
0.88041
0.868063
0.872758
0.86264
0.858917
0.859298
0.882559
0.892845
0.894828
0.888787
0.871244
0.880455
0.872068
0.871527
0.877236
0.860793
0.852295
0.857582
0.858567
0.852759
0.886651
0.892538
0.894211
0.891524
0.881823
0.876542
0.876675
0.875536
0.883504
0.885059
0.885161
0.883279
0.8825
0.883445
0.882577
0.886085
0.895059
0.880879
0.881713
0.875876
0.87351
0.874641
0.861021
0.862914
0.882605
0.881199
0.903017
0.887388
0.888582
0.866554
0.870379
0.874668
0.879946
0.881344
0.881302
0.880929
0.876813
0.87907
0.877252
0.878529
0.872561
0.87529
0.870377
0.863928
0.855631
0.850849
0.859376
0.86444
0.884799
0.890026
0.883864
0.874847
0.8815
0.868335
0.869964
0.863889
0.876878
0.881704
0.885063
0.880714
0.882759
0.879402
0.875161
0.876118
0.878469
0.879768
0.87437
0.872349
0.870029
0.871877
0.869257
0.8789
0.892982
0.891451
0.888103
0.874236
0.871504
0.875401
0.874731
0.880476
0.885008
0.888852
0.89028
0.880977
0.894965
0.878722
0.878382
0.892541
0.892088
0.889497
0.884699
0.881827
0.870556
0.869485
0.878597
0.893983
0.907839
0.898256
0.896452
0.833671
0.887088
0.893219
0.87644
0.877882
0.889554
0.893755
0.895416
0.887769
0.883568
0.882907
0.886994
0.891955
0.89471
0.887259
0.885611
0.881105
0.870466
0.870085
0.884367
0.894768
0.90624
0.907378
0.905755
0.89404
0.889555
0.885686
0.887817
0.886511
0.894014
0.894503
0.895324
0.894693
0.891181
0.884066
0.880277
0.895194
0.897235
0.896647
0.895545
0.89048
0.877695
0.874778
0.882813
0.890502
0.914822
0.901674
0.908338
0.903192
0.898773
0.890796
0.893053
0.896773
0.893131
0.905004
0.899777
0.903043
0.899252
0.894168
0.888551
0.898243
0.898888
0.901002
0.900535
0.889184
0.885336
0.878691
0.877595
0.888744
0.905047
0.916325
0.910022
0.904531
0.907971
0.897545
0.897321
0.898323
0.900716
0.911223
0.906831
0.904325
0.899667
0.905655
0.905401
0.910183
0.910156
0.908362
0.903214
0.898081
0.893587
0.88732
0.884746
0.892031
0.901408
0.913729
0.911019
0.91768
0.913305
0.894549
0.897098
0.89787
0.899432
0.901667
0.903272
0.897753
0.89762
0.89542
0.896802
0.897932
0.896663
0.894098
0.888178
0.880407
0.86413
0.870151
0.877376
0.882029
0.900072
0.895579
0.904095
0.895805
0.900496
0.892588
0.889648
0.886583
0.924567
0.889594
0.882666
0.889825
0.889115
0.88899
0.895704
0.904051
0.901792
0.893278
0.886337
0.878084
0.869429
0.869716
0.884128
0.890608
0.902871
0.900736
0.9035
0.893692
0.893512
0.892356
0.890502
0.897153
0.898548
0.917513
0.897989
0.885195
0.879344
0.887266
0.892767
0.90379
0.902618
0.857254
0.850989
0.868151
0.87704
0.880275
0.887964
0.89555
0.902471
0.903379
0.894704
0.89208
0.887226
0.897584
0.892406
0.895833
