139 117 112 101 100 90 87 84 70 69 47 46 45 43 39 37 36 35 34 31 30 27 25 24 23 22 21 20 19 18 17 16 15 14 12 11 10 9 8 7 6 5 4 3 2 1 0 
139 117 112 100 90 70 69 68 62 50 47 46 45 43 39 38 37 36 34 31 30 29 27 24 23 22 21 20 19 18 17 16 15 14 12 11 10 9 8 7 6 5 4 3 2 1 0 
124 117 112 100 90 70 69 68 62 57 50 47 46 45 43 39 37 36 35 34 31 28 27 25 24 23 22 21 20 19 18 17 16 15 14 13 12 10 8 7 6 5 4 3 2 1 0 
117 112 90 70 69 68 62 47 46 45 43 39 38 37 36 35 34 31 30 29 27 26 25 24 23 22 21 20 19 18 17 16 15 14 12 11 10 9 8 7 6 5 4 3 2 1 0 
117 112 90 70 69 68 62 47 46 45 43 39 38 37 36 35 34 31 30 28 27 26 25 24 23 22 21 20 19 18 17 16 15 14 12 11 10 9 8 7 6 5 4 3 2 1 0 
117 112 92 90 70 69 62 48 47 46 45 43 39 38 37 36 35 34 31 30 28 27 26 25 24 23 22 21 20 19 17 16 15 14 12 11 10 9 8 7 6 5 4 3 2 1 0 
117 112 92 90 70 69 62 52 48 47 46 43 39 38 37 36 35 34 31 30 28 27 26 25 24 23 22 21 20 19 17 16 15 14 12 11 10 9 8 7 6 5 4 3 2 1 0 
124 117 112 92 90 70 69 62 48 47 43 39 38 37 36 35 34 31 30 29 28 27 26 25 24 23 22 21 20 19 17 16 14 13 12 11 10 9 8 7 6 5 4 3 2 1 0 
124 112 92 70 69 62 52 48 47 43 39 38 37 36 35 34 31 30 29 28 27 26 25 24 23 22 21 20 19 17 16 15 14 13 12 11 10 9 8 7 6 5 4 3 2 1 0 
124 112 92 70 69 62 52 51 48 47 43 39 38 37 36 35 34 33 31 30 29 28 27 26 25 24 23 22 21 20 19 16 15 14 12 11 10 9 8 7 6 5 4 3 2 1 0 
124 112 92 70 69 62 52 51 48 47 45 43 39 38 37 36 35 34 33 31 30 29 28 27 26 25 23 22 21 20 19 16 15 14 12 11 10 9 8 7 6 5 4 3 2 1 0 
124 112 92 70 69 62 53 52 51 48 45 43 39 38 37 36 35 34 31 30 29 28 27 26 25 24 23 22 21 20 19 17 16 15 14 11 10 9 8 7 6 5 4 3 2 1 0 
124 112 92 70 69 62 55 53 52 51 49 48 43 38 37 36 35 34 31 30 29 28 27 26 25 24 23 22 21 20 19 17 16 15 14 11 10 9 8 7 6 5 4 3 2 1 0 
124 112 92 73 70 69 62 55 53 52 51 48 43 40 38 37 36 35 34 31 30 29 28 27 26 25 24 23 20 19 17 16 15 14 11 10 9 8 7 6 5 4 3 2 1 0 
124 112 94 92 73 70 69 62 55 53 52 51 49 48 43 38 37 36 35 31 30 29 28 27 26 25 24 23 21 20 19 17 16 15 14 11 10 9 8 7 6 5 4 3 2 1 0 
124 112 94 92 73 70 69 62 55 53 52 51 49 48 43 38 37 36 35 31 30 29 28 27 26 25 24 23 21 20 19 17 16 15 14 11 10 9 8 7 6 5 4 3 2 1 0 
117 112 94 92 73 70 69 62 55 53 52 51 48 43 40 38 37 36 35 32 30 29 28 27 26 25 24 23 22 21 20 19 17 15 14 11 10 9 8 7 6 5 4 3 2 1 0 
117 112 92 90 70 69 68 62 53 52 51 48 43 38 37 36 35 32 31 30 29 28 27 26 25 24 23 22 21 20 19 17 15 14 12 11 10 9 8 7 6 5 4 3 2 1 0 
117 112 92 90 70 69 68 62 53 52 51 48 43 38 37 36 35 32 31 30 29 28 27 26 25 24 23 22 21 20 19 17 15 14 12 11 10 9 8 7 6 5 4 3 2 1 0 
117 112 92 90 70 69 68 62 52 51 47 43 39 38 37 36 35 32 31 30 29 28 27 26 25 24 23 22 21 20 19 17 15 14 12 11 10 9 8 7 6 5 4 3 2 1 0 
117 112 92 90 70 69 68 62 51 47 46 43 39 38 37 36 35 31 30 29 28 27 25 24 23 22 21 20 19 18 17 16 15 14 12 11 10 9 8 7 6 5 4 3 2 1 0 
117 112 90 84 70 69 68 50 47 46 45 43 39 38 37 36 35 34 31 30 29 27 25 24 22 21 20 19 18 17 16 15 14 12 11 10 9 8 7 6 5 4 3 2 1 0 
139 124 117 112 100 90 70 69 68 50 47 46 45 43 39 38 37 36 34 31 30 29 27 25 24 22 21 20 19 18 17 16 14 12 11 10 9 8 7 6 5 4 3 2 1 0 
139 124 117 112 100 95 90 84 70 69 68 50 47 46 45 43 39 38 37 36 34 31 30 27 25 24 23 22 21 20 19 18 17 16 14 12 11 10 8 7 6 5 4 3 2 1 0 
139 124 117 112 100 95 90 84 70 69 68 62 50 47 46 45 43 39 37 36 34 31 30 27 25 24 23 22 21 20 19 18 17 16 14 12 11 10 8 7 6 5 4 3 2 1 0 
124 117 112 100 90 69 68 62 50 47 46 45 43 39 38 37 36 35 34 31 30 27 26 25 24 23 22 21 20 19 18 17 16 14 12 11 10 9 8 7 6 5 4 3 2 1 0 
124 117 112 100 90 69 68 62 50 47 46 45 43 39 38 37 36 35 34 31 30 27 26 25 24 23 22 21 20 19 18 17 16 14 12 11 10 9 8 7 6 5 4 3 2 1 0 
124 117 112 100 90 70 69 68 62 47 46 45 43 39 38 37 36 35 34 31 30 27 26 25 24 23 22 21 20 19 18 17 16 14 12 11 10 9 8 7 6 5 4 3 2 1 0 
124 117 112 92 90 69 68 62 52 47 46 45 43 39 38 37 36 35 34 31 30 28 27 26 25 24 23 22 21 20 19 17 16 14 12 11 10 9 8 7 6 5 4 3 2 1 0 
124 117 112 92 69 62 52 51 48 47 46 43 39 38 37 36 35 34 31 30 29 28 27 26 25 24 23 22 21 20 19 17 16 14 12 11 10 9 8 7 6 5 4 3 2 1 0 
124 117 112 92 69 62 52 51 48 47 46 43 39 38 37 36 35 34 31 30 29 28 27 26 25 24 23 22 21 20 19 17 16 14 12 11 10 9 8 7 6 5 4 3 2 1 0 
124 117 112 92 69 62 52 51 48 47 46 43 39 38 37 36 35 34 31 30 29 28 27 26 25 24 23 22 21 20 19 17 16 14 12 11 10 9 8 7 6 5 4 3 2 1 0 
124 117 112 92 69 62 52 51 50 48 47 43 39 38 37 36 35 34 31 30 29 28 27 26 25 24 23 22 21 20 19 16 15 14 12 11 10 9 8 7 6 5 4 3 2 1 0 
124 117 112 92 69 62 52 51 50 48 47 43 39 38 37 36 35 34 31 30 29 28 27 26 25 24 23 22 21 20 19 16 15 14 12 11 10 9 8 7 6 5 4 3 2 1 0 
124 112 92 70 69 62 53 52 51 48 47 46 43 39 38 36 35 34 31 30 29 28 27 26 25 23 22 21 20 19 16 15 14 12 11 10 9 8 7 6 5 4 3 2 1 0 
124 112 92 70 69 62 55 53 52 51 48 46 43 39 38 36 35 34 31 30 29 28 27 26 25 23 22 21 20 19 16 15 14 12 11 10 9 8 7 6 5 4 3 2 1 0 
124 112 92 73 70 69 62 55 53 52 51 48 43 40 38 36 35 34 32 31 30 29 28 27 26 25 24 23 22 21 20 19 16 15 14 11 10 9 8 7 5 4 3 2 1 0 
124 112 94 92 73 70 69 62 55 53 52 51 48 43 40 38 36 35 34 32 31 30 29 28 27 26 25 24 23 20 19 17 16 15 14 11 10 9 8 7 5 4 3 2 1 0 
124 117 112 94 92 73 70 69 64 62 55 53 52 51 48 43 38 37 36 35 32 31 30 29 28 27 26 25 24 23 20 19 17 16 15 14 11 10 9 8 7 5 4 3 2 1 0 
124 117 112 94 92 73 70 69 62 55 53 52 51 48 43 38 37 36 35 32 31 30 29 28 27 26 25 24 23 22 21 20 19 17 15 14 11 10 9 8 7 5 4 3 2 1 0 
124 117 112 94 92 73 70 69 68 62 55 53 52 51 48 43 38 37 36 35 32 30 29 28 27 26 25 24 23 21 20 19 17 15 14 11 10 9 8 7 6 5 4 3 2 1 0 
124 117 112 92 90 73 70 69 68 62 53 52 51 48 43 38 37 36 35 30 29 28 27 26 25 24 23 22 21 20 19 17 15 14 12 11 10 9 8 7 6 5 4 3 2 1 0 
117 92 90 70 69 68 62 55 53 52 51 48 43 38 37 36 35 31 30 29 28 27 26 25 24 23 22 21 20 19 18 17 15 14 12 11 10 9 8 7 6 5 4 3 2 1 0 
117 92 90 70 69 68 62 53 52 51 47 43 39 38 37 36 35 31 30 29 28 27 26 25 24 23 22 21 20 19 18 17 15 14 12 11 10 9 8 7 6 5 4 3 2 1 0 
117 92 90 70 69 68 62 52 51 47 43 39 38 37 36 35 34 31 30 29 28 27 25 24 23 22 21 20 19 18 17 16 15 14 12 11 10 9 8 7 6 5 4 3 2 1 0 
139 117 100 90 70 69 68 50 47 46 45 43 39 38 37 36 35 34 31 30 29 27 25 24 23 22 21 20 19 18 17 16 15 14 12 11 10 9 8 7 6 5 4 3 2 1 0 
139 117 100 95 90 70 69 68 50 47 46 45 43 39 38 37 36 35 34 31 30 29 27 25 24 22 21 20 19 18 17 16 15 14 12 11 10 9 8 7 6 5 4 3 2 1 0 
139 117 112 100 95 90 84 70 69 68 57 50 47 46 45 43 39 37 36 34 31 30 29 27 25 24 23 22 21 20 19 18 17 16 14 12 11 10 8 7 6 5 4 3 2 1 0 
139 124 117 100 90 70 69 68 62 50 47 46 45 43 39 38 37 36 34 31 30 29 27 25 24 23 22 21 20 19 18 17 16 15 14 12 11 10 8 7 6 5 4 3 2 1 0 
124 117 112 100 90 69 68 62 50 47 46 45 43 39 38 37 36 35 34 31 30 27 26 25 24 23 22 21 20 19 18 17 16 14 12 11 10 9 8 7 6 5 4 3 2 1 0 
124 117 100 90 69 68 62 50 47 46 45 43 39 38 37 36 35 34 31 30 29 27 26 25 24 23 22 21 20 19 18 17 16 14 12 11 10 9 8 7 6 5 4 3 2 1 0 
124 117 90 69 68 62 47 46 45 43 39 38 37 36 35 34 31 30 29 28 27 26 25 24 23 22 21 20 19 18 17 16 15 14 12 11 10 9 8 7 6 5 4 3 2 1 0 
124 117 90 69 68 62 51 48 47 46 45 43 39 38 37 36 35 34 31 30 29 28 27 26 25 24 23 22 21 20 19 18 16 14 12 11 10 9 8 7 6 5 4 3 2 1 0 
124 117 92 90 84 69 68 62 51 48 47 43 39 38 37 36 35 34 31 30 29 28 27 26 25 24 23 22 21 20 19 18 16 14 12 11 10 9 8 7 6 5 4 3 2 1 0 
124 117 92 90 69 62 51 48 47 43 39 38 37 36 35 34 31 30 29 28 27 26 25 24 23 22 21 20 19 18 17 16 15 14 12 11 10 9 8 7 6 5 4 3 2 1 0 
117 92 90 69 62 53 52 51 48 47 43 39 38 37 36 35 34 31 30 29 28 27 26 25 24 23 22 21 20 19 17 16 15 14 12 11 10 9 8 7 6 5 4 3 2 1 0 
117 92 90 69 62 53 52 51 48 47 43 39 38 37 36 35 34 31 30 29 28 27 26 25 24 23 22 21 20 19 17 16 15 14 12 11 10 9 8 7 6 5 4 3 2 1 0 
117 92 69 62 55 53 52 51 48 47 46 43 39 38 37 36 35 34 31 30 29 28 27 26 25 24 23 22 21 20 19 16 15 14 12 11 10 9 8 7 6 5 4 3 2 1 0 
124 92 70 69 62 53 52 51 50 48 47 43 39 38 36 35 34 31 30 29 28 27 26 25 24 23 22 21 20 19 16 15 14 12 11 10 9 8 7 6 5 4 3 2 1 0 
124 101 92 70 69 62 55 53 52 51 48 47 43 39 38 36 35 34 31 30 29 28 27 26 25 24 23 22 21 20 19 16 15 14 11 10 9 8 7 6 5 4 3 2 1 0 
124 92 73 70 69 62 55 53 52 51 49 48 43 40 38 36 35 34 31 30 29 28 27 26 25 24 23 22 21 20 19 16 15 14 11 10 9 8 7 6 5 4 3 2 1 0 
94 92 73 70 69 62 55 53 52 51 48 43 38 36 35 34 32 31 30 29 28 27 26 25 24 23 22 21 20 19 17 16 15 14 11 10 9 8 7 6 5 4 3 2 1 0 
124 94 92 73 70 69 62 55 53 52 51 48 43 42 38 37 36 35 32 31 30 29 28 27 26 25 24 23 22 21 20 19 17 16 15 14 11 10 9 8 7 5 4 3 2 1 0 
117 94 92 73 70 69 62 55 53 52 51 48 43 42 38 37 36 35 31 30 29 28 27 26 25 24 23 22 21 20 19 17 16 15 14 11 10 9 8 7 6 5 4 3 2 1 0 
117 92 73 69 68 62 55 53 52 51 49 48 43 40 38 37 36 35 31 30 29 28 27 26 25 24 23 22 21 20 19 17 16 15 14 11 10 9 8 7 6 5 4 3 2 1 0 
117 92 90 73 70 69 68 62 55 53 52 51 48 43 40 38 37 36 35 30 29 28 27 26 25 24 23 22 21 20 19 17 16 15 14 11 10 9 8 7 6 5 4 3 2 1 0 
117 100 92 90 73 70 69 68 62 55 53 52 51 47 43 38 37 36 35 30 29 28 27 26 25 24 23 22 21 20 18 17 15 14 12 11 10 9 8 7 6 5 4 3 2 1 0 
117 92 90 70 69 68 62 53 52 51 47 43 39 38 37 36 35 31 30 29 28 27 26 25 24 23 22 21 20 19 18 17 15 14 12 11 10 9 8 7 6 5 4 3 2 1 0 
117 92 90 70 69 68 62 52 51 49 47 43 39 38 37 36 35 31 30 29 28 27 26 25 24 23 22 21 20 19 18 17 16 15 14 12 11 10 9 8 7 6 5 4 3 2 1 0 
139 117 100 90 70 69 68 62 52 51 47 46 43 39 38 37 36 35 31 30 29 27 26 25 24 23 22 21 20 19 18 17 16 15 14 12 11 10 9 8 7 6 5 4 3 2 1 0 
139 117 100 90 70 69 68 62 50 47 46 45 43 39 38 37 36 34 31 30 29 27 25 24 23 22 21 20 19 18 17 16 15 14 12 11 10 9 8 7 6 5 4 3 2 1 0 
139 117 100 90 70 69 68 62 50 47 46 45 43 39 38 37 36 34 31 30 29 27 25 24 23 22 21 20 19 18 17 16 15 14 12 11 10 9 8 7 6 5 4 3 2 1 0 
139 117 105 100 95 90 69 68 62 50 47 46 45 43 39 37 36 34 31 30 29 27 25 24 23 22 21 20 19 18 17 16 15 14 12 11 10 9 8 7 6 5 4 3 2 1 0 
139 117 100 95 90 70 69 68 62 50 47 46 45 43 39 38 37 36 35 34 31 30 29 27 26 25 24 23 22 21 20 19 18 17 16 15 14 12 10 8 7 6 5 4 3 2 1 0 
139 117 100 90 70 69 68 62 50 47 46 45 43 39 38 37 36 34 31 30 29 27 26 25 24 23 22 21 20 19 18 17 16 15 14 12 10 9 8 7 6 5 4 3 2 1 0 
117 101 100 90 70 68 62 50 47 46 45 43 39 38 37 36 35 34 31 30 29 27 26 25 24 23 22 21 20 19 17 16 15 14 12 11 10 9 8 7 6 5 4 3 2 1 0 
117 90 69 68 62 51 50 47 46 45 43 39 38 37 36 35 34 31 30 29 28 27 26 25 24 23 22 21 20 19 17 16 15 14 12 11 10 9 8 7 6 5 4 3 2 1 0 
117 92 90 69 68 62 51 48 47 46 43 39 38 37 36 35 34 31 30 29 28 27 26 25 24 23 22 21 20 19 17 16 15 14 12 11 10 9 8 7 6 5 4 3 2 1 0 
117 92 90 69 62 53 52 51 48 47 43 39 38 37 36 35 34 31 30 29 28 27 26 25 24 23 22 21 20 19 17 16 15 14 12 11 10 9 8 7 6 5 4 3 2 1 0 
117 92 90 69 62 53 52 51 48 47 43 39 38 37 36 35 34 31 30 29 28 27 26 25 24 23 22 21 20 19 17 16 15 14 12 11 10 9 8 7 6 5 4 3 2 1 0 
117 92 90 69 62 53 52 51 48 47 43 39 38 37 36 35 34 31 30 29 28 27 26 25 24 23 22 21 20 19 17 16 15 14 12 11 10 9 8 7 6 5 4 3 2 1 0 
92 69 62 53 52 51 49 48 47 43 40 39 38 37 36 35 34 31 30 29 28 27 26 25 24 23 22 21 20 19 17 16 15 14 12 11 10 9 8 7 6 5 4 3 2 1 0 
101 92 69 62 55 53 52 51 48 47 43 40 39 38 36 35 34 31 30 29 28 27 26 25 24 23 22 21 20 19 16 15 14 12 11 10 9 8 7 6 5 4 3 2 1 0 
92 73 70 69 62 55 53 52 51 49 48 47 43 39 38 36 35 34 31 30 29 28 27 26 25 24 23 22 21 20 19 16 15 14 11 10 9 8 7 6 5 4 3 2 1 0 
124 94 92 73 70 69 62 55 53 52 51 48 43 40 38 36 35 34 32 31 30 29 28 27 26 25 24 23 22 20 19 17 16 15 14 11 10 9 8 7 5 4 3 2 1 0 
124 94 92 73 70 69 62 55 53 52 51 48 43 40 38 36 35 34 32 31 30 29 28 27 26 25 24 23 22 20 19 17 16 15 14 11 10 9 8 7 5 4 3 2 1 0 
92 73 70 69 68 64 62 55 53 52 51 49 48 43 40 38 37 36 35 32 31 30 29 28 27 26 25 24 23 21 20 19 17 16 15 14 11 10 9 8 7 5 4 3 2 1 0 
94 92 73 69 68 62 55 53 52 51 49 48 43 40 38 37 36 35 32 31 30 29 28 27 26 25 24 23 21 20 19 17 16 15 14 11 10 9 8 7 6 5 4 3 2 1 0 
117 92 73 69 68 62 55 53 52 51 49 48 43 40 38 37 36 35 31 30 29 28 27 26 25 24 23 21 20 19 17 16 15 14 12 11 10 9 8 7 6 5 4 3 2 1 0 
117 100 92 73 69 68 62 55 53 52 51 48 43 40 38 37 36 35 31 30 29 28 27 26 25 24 23 22 21 20 19 17 16 15 14 11 10 9 8 7 6 5 4 3 2 1 0 
117 92 90 73 69 68 62 55 53 52 51 48 43 40 38 37 36 35 31 30 29 28 27 26 25 24 23 22 21 20 17 15 14 12 11 10 9 8 7 6 5 4 3 2 1 0 
117 100 92 90 69 68 62 55 53 52 51 47 43 38 37 36 35 32 31 30 29 28 27 26 25 24 23 22 21 20 18 17 15 14 12 11 10 9 8 7 6 5 4 3 2 1 0 
117 92 90 70 69 68 62 52 51 49 47 43 39 38 37 36 35 31 30 29 28 27 26 25 24 23 22 21 20 19 18 17 16 15 14 12 11 10 9 8 7 6 5 4 3 2 1 0 
117 100 95 90 70 69 68 62 52 51 47 43 39 38 37 36 35 31 30 29 28 27 26 25 24 23 22 21 20 19 18 17 16 15 14 12 11 10 9 8 7 6 5 4 3 2 1 0 
139 117 100 90 70 69 68 50 47 46 45 43 39 38 37 36 35 34 31 30 29 27 25 24 23 22 21 20 19 18 17 16 15 14 12 11 10 9 8 7 6 5 4 3 2 1 0 
139 117 100 95 90 70 69 68 50 47 46 45 43 39 38 37 36 34 31 30 29 27 25 24 23 22 21 20 19 18 17 16 15 14 12 11 10 9 8 7 6 5 4 3 2 1 0 
139 117 100 95 90 70 69 68 62 50 47 46 45 43 39 37 36 34 31 30 29 27 25 24 23 22 21 20 19 18 17 16 15 14 12 11 10 9 8 7 6 5 4 3 2 1 0 
139 127 117 100 95 90 70 69 68 62 50 47 46 45 43 39 37 36 34 31 30 29 27 25 24 23 22 21 20 19 18 17 16 15 14 12 10 9 8 7 6 5 4 3 2 1 0 
139 117 100 90 70 69 68 62 50 47 46 45 43 39 37 36 34 31 30 29 28 27 26 25 24 23 22 21 20 19 18 17 16 15 14 12 10 9 8 7 6 5 4 3 2 1 0 
117 100 90 70 69 68 62 50 47 46 45 43 39 38 37 36 34 31 30 28 27 26 25 24 23 22 21 20 19 18 17 16 15 14 12 11 10 9 8 7 6 5 4 3 2 1 0 
117 90 70 69 68 62 51 47 46 43 39 38 37 36 35 34 31 30 29 28 27 26 25 24 23 22 21 20 19 18 17 16 15 14 12 11 10 9 8 7 6 5 4 3 2 1 0 
117 92 90 70 69 62 51 48 47 43 39 38 37 36 35 34 31 30 29 28 27 26 25 24 23 22 21 20 19 18 17 16 15 14 12 11 10 9 8 7 6 5 4 3 2 1 0 
117 92 90 69 68 62 51 48 47 43 39 38 37 36 35 34 31 30 29 28 27 26 25 24 23 22 21 20 19 18 17 16 15 14 12 11 10 9 8 7 6 5 4 3 2 1 0 
117 92 90 62 53 52 51 48 47 43 39 38 37 36 35 34 31 30 29 28 27 26 25 24 23 22 21 20 19 18 17 16 15 14 12 11 10 9 8 7 6 5 4 3 2 1 0 
117 92 90 69 62 53 52 51 48 47 43 39 38 37 36 35 34 31 30 29 28 27 26 25 24 23 22 21 20 19 17 16 15 14 12 11 10 9 8 7 6 5 4 3 2 1 0 
92 90 69 62 55 53 52 51 49 48 47 43 39 38 37 36 35 34 31 30 29 28 27 26 25 24 23 22 21 20 19 16 15 14 12 11 10 9 8 7 6 5 4 3 2 1 0 
92 70 69 62 55 53 52 51 48 47 43 39 38 36 35 34 32 31 30 29 28 27 26 25 24 23 22 21 20 19 16 15 14 12 11 10 9 8 7 6 5 4 3 2 1 0 
92 73 70 69 62 55 53 52 51 48 43 40 39 38 36 35 34 33 31 30 29 28 27 26 25 24 23 22 21 20 19 16 15 14 11 10 9 8 7 6 5 4 3 2 1 0 
92 73 70 69 64 62 55 53 52 51 49 48 43 40 38 36 35 34 31 30 29 28 27 26 25 24 23 22 21 20 19 16 15 14 11 10 9 8 7 6 5 4 3 2 1 0 
96 94 92 73 70 69 64 62 55 53 52 51 48 43 38 36 35 34 32 31 30 29 28 27 26 25 24 23 22 20 19 17 16 15 14 11 10 9 8 7 5 4 3 2 1 0 
117 96 94 92 73 70 69 68 64 62 55 53 52 51 48 43 38 37 36 35 32 31 30 29 28 27 26 25 24 23 20 19 17 16 15 14 11 10 9 8 7 5 4 3 2 1 0 
117 94 92 73 70 69 62 55 53 52 51 48 43 38 37 36 35 32 31 30 29 28 27 26 25 24 23 22 21 20 19 17 16 15 14 11 10 9 8 7 6 5 4 3 2 1 0 
117 94 92 73 69 68 62 55 53 52 51 48 43 38 37 36 35 32 31 30 29 28 27 26 25 24 23 22 21 20 19 17 16 15 14 11 10 9 8 7 6 5 4 3 2 1 0 
117 97 92 73 69 68 62 55 53 52 51 48 43 38 36 35 32 31 30 29 28 27 26 25 24 23 22 21 20 19 17 15 14 12 11 10 9 8 7 6 5 4 3 2 1 0 
117 97 92 90 73 69 68 62 55 53 52 51 43 38 36 35 32 31 30 29 28 27 26 25 24 23 22 21 20 19 17 15 14 12 11 10 9 8 7 6 5 4 3 2 1 0 
117 97 92 90 73 69 68 62 55 53 52 51 43 38 36 35 32 31 30 29 28 27 26 25 24 23 22 21 20 19 17 15 14 12 11 10 9 8 7 6 5 4 3 2 1 0 
117 97 92 90 68 62 55 53 52 51 47 43 39 38 36 35 32 31 30 29 28 27 26 25 24 23 22 21 20 19 17 15 14 12 11 10 9 8 7 6 5 4 3 2 1 0 
117 97 90 84 68 55 53 52 47 46 43 39 38 36 35 32 31 30 29 28 27 26 25 24 23 22 21 20 19 17 16 15 14 12 11 10 9 8 7 6 5 4 3 2 1 0 
139 117 100 97 90 84 70 68 57 52 50 47 46 45 43 39 36 35 32 31 30 29 27 25 24 22 21 20 19 17 16 15 14 12 11 10 9 8 7 6 5 4 3 2 1 0 
139 117 100 97 95 90 84 70 68 57 52 50 47 46 45 43 39 37 36 35 31 30 29 27 25 24 22 21 20 19 18 17 16 15 14 12 10 9 8 7 6 5 4 3 2 1 0 
139 117 100 97 95 90 84 70 68 57 50 47 46 45 43 39 37 36 35 34 31 30 29 27 25 24 23 22 21 20 19 17 16 15 14 12 11 10 8 7 6 5 4 3 2 1 0 
139 117 101 100 97 90 84 70 68 62 50 47 46 45 43 39 37 36 35 34 31 30 29 28 27 25 24 23 22 21 20 19 18 17 16 14 12 10 8 7 6 5 4 3 2 1 0 
139 117 100 90 84 68 62 50 47 46 45 43 39 38 37 36 35 34 31 30 29 28 27 26 25 24 23 22 21 20 19 18 17 16 15 14 12 11 10 8 7 6 5 4 3 2 1 0 
139 117 100 90 84 68 62 52 50 47 46 45 43 39 38 37 36 35 31 30 29 28 27 26 25 24 23 22 21 20 19 17 16 15 14 12 11 10 9 8 7 6 5 4 3 2 1 0 
117 92 90 84 68 62 52 50 49 47 46 45 43 39 38 37 36 35 31 30 29 28 27 26 25 24 23 22 21 20 19 17 16 15 14 12 11 10 9 8 7 6 5 4 3 2 1 0 
139 117 101 100 92 90 88 84 68 62 48 47 46 43 39 38 37 36 35 31 30 28 27 26 25 24 23 22 21 20 19 17 16 15 14 12 11 10 9 8 7 6 5 4 3 2 1 0 
139 117 101 92 90 84 62 51 48 47 46 45 43 39 38 37 36 35 31 30 29 28 27 26 25 24 23 22 21 20 19 17 16 15 14 12 11 10 9 8 7 6 5 4 3 2 1 0 
139 117 92 90 84 62 52 51 48 47 46 45 43 39 38 37 36 35 31 30 29 28 27 26 25 24 23 22 21 20 19 17 16 15 14 12 11 10 9 8 7 6 5 4 3 2 1 0 
139 117 92 84 62 52 51 50 48 47 46 45 43 39 38 37 36 35 31 30 29 28 27 26 25 24 23 22 21 20 19 17 16 15 14 12 11 10 9 8 7 6 5 4 3 2 1 0 
101 92 84 62 55 52 51 50 49 48 47 43 39 38 37 36 35 34 31 30 29 28 27 26 25 23 22 21 20 19 17 16 15 14 12 11 10 9 8 7 6 5 4 3 2 1 0 
101 92 84 62 55 52 51 50 49 48 47 43 39 38 37 36 35 34 31 30 29 28 27 26 25 23 22 21 20 19 17 16 15 14 12 11 10 9 8 7 6 5 4 3 2 1 0 
101 92 84 62 55 53 52 51 49 48 46 43 39 38 36 35 34 31 30 29 28 27 26 25 24 23 22 21 20 19 17 16 15 14 12 11 10 9 8 7 6 5 4 3 2 1 0 
101 94 92 84 73 64 62 55 53 52 51 48 43 38 36 35 34 31 30 29 28 27 26 25 24 23 22 21 20 19 17 16 15 14 11 10 9 8 7 6 5 4 3 2 1 0 
117 101 94 92 84 73 68 64 62 55 53 52 51 49 48 43 38 36 35 34 31 30 29 28 27 26 25 24 23 22 20 19 17 16 15 14 11 10 9 8 7 5 4 3 2 1 0 
127 117 97 94 92 73 68 64 62 55 53 52 51 49 48 43 38 36 35 32 31 30 29 28 27 26 25 24 23 22 20 19 17 16 15 14 11 10 9 8 7 5 4 3 2 1 0 
127 117 94 92 73 68 62 55 53 52 51 48 43 38 37 36 35 32 31 30 29 28 27 26 25 24 23 22 21 20 19 17 16 15 14 11 10 9 8 7 6 5 4 3 2 1 0 
117 97 94 92 90 73 70 68 62 55 53 52 51 48 43 38 37 36 35 31 30 29 28 27 26 25 24 23 22 21 20 17 15 14 11 10 9 8 7 6 5 4 3 2 1 0 
117 94 92 90 84 70 68 62 55 53 52 51 48 43 38 37 36 35 31 30 29 28 27 26 25 24 23 22 21 20 19 17 15 14 12 11 10 9 8 7 6 5 4 3 2 1 0 
117 94 92 90 84 70 68 62 55 53 52 51 48 43 38 37 36 35 31 30 29 28 27 26 25 24 23 22 21 20 19 17 15 14 12 11 10 9 8 7 6 5 4 3 2 1 0 
127 117 92 90 70 68 62 53 52 51 48 43 39 38 37 36 35 32 31 30 29 28 27 26 25 24 23 22 21 20 19 17 15 14 12 11 10 9 8 7 6 5 4 3 2 1 0 
127 117 101 92 90 84 70 68 62 52 51 43 39 38 37 36 35 31 30 29 28 27 26 25 24 23 22 21 20 19 18 17 16 15 14 12 11 10 9 8 7 6 5 4 3 2 1 0 
139 117 90 84 70 68 62 50 47 46 45 43 39 38 37 36 35 34 31 30 29 27 25 24 23 22 21 20 19 18 17 16 15 14 12 11 10 9 8 7 6 5 4 3 2 1 0 
139 117 100 90 84 70 68 62 50 47 46 45 43 39 38 37 36 35 34 31 30 29 27 25 24 22 21 20 19 18 17 16 15 14 12 11 10 9 8 7 6 5 4 3 2 1 0 
139 117 101 100 95 90 84 68 57 50 47 46 45 43 39 37 36 35 34 31 30 29 27 25 24 22 21 20 19 18 17 16 15 14 12 11 10 9 8 7 6 5 4 3 2 1 0 
139 117 101 100 90 84 68 57 50 47 46 45 43 39 37 36 35 34 31 30 29 27 25 24 23 22 21 20 19 18 17 16 15 14 12 11 10 9 8 7 6 5 4 3 2 1 0 
139 117 100 95 90 84 68 62 50 47 46 45 43 39 38 37 36 35 34 31 30 27 26 25 24 23 22 21 20 19 18 17 16 15 14 12 11 10 9 8 7 6 5 4 3 2 1 0 
117 100 90 84 68 62 53 50 47 46 45 43 39 38 37 36 35 34 31 30 29 27 26 25 24 23 22 21 20 19 17 16 15 14 12 11 10 9 8 7 6 5 4 3 2 1 0 
117 100 90 68 62 53 52 50 47 46 45 43 39 38 37 36 35 34 31 30 28 27 26 25 24 23 22 21 20 19 17 16 15 14 12 11 10 9 8 7 6 5 4 3 2 1 0 
117 92 90 84 68 62 50 48 47 46 45 43 39 38 37 36 35 34 31 30 28 27 26 25 24 23 22 21 20 19 17 16 15 14 12 11 10 9 8 7 6 5 4 3 2 1 0 
117 92 90 84 68 62 50 48 47 46 45 43 39 38 37 36 35 34 31 30 28 27 26 25 24 23 22 21 20 19 17 16 15 14 12 11 10 9 8 7 6 5 4 3 2 1 0 
117 92 90 68 62 51 48 47 46 45 43 39 38 37 36 35 34 31 30 29 28 27 26 25 24 23 22 21 20 19 17 16 15 14 12 11 10 9 8 7 6 5 4 3 2 1 0 
117 92 90 68 62 52 51 48 47 46 43 39 38 37 36 35 34 31 30 29 28 27 26 25 24 23 22 21 20 19 17 16 15 14 12 11 10 9 8 7 6 5 4 3 2 1 0 
117 92 62 53 52 51 50 48 47 45 43 39 38 37 36 35 34 31 30 29 28 27 26 25 24 23 22 21 20 19 17 16 15 14 12 11 10 9 8 7 6 5 4 3 2 1 0 
117 92 84 62 53 52 51 50 48 47 43 39 38 37 36 35 34 31 30 29 28 27 26 25 24 23 22 21 20 19 17 16 15 14 12 11 10 9 8 7 6 5 4 3 2 1 0 
117 92 68 62 55 53 52 51 50 48 47 43 39 38 36 35 34 31 30 29 28 27 26 25 24 23 22 21 20 19 16 15 14 12 11 10 9 8 7 6 5 4 3 2 1 0 
124 92 73 70 62 55 53 52 51 49 48 43 39 38 36 35 34 31 30 29 28 27 26 25 24 23 22 21 20 19 16 15 14 12 11 10 9 8 7 6 5 4 3 2 1 0 
124 94 92 73 70 68 62 55 53 52 51 48 46 43 39 38 36 35 34 31 30 29 28 27 26 25 24 23 22 20 19 17 16 15 14 11 10 9 8 7 5 4 3 2 1 0 
124 117 94 92 73 70 68 64 62 55 53 52 51 48 43 38 36 35 34 31 30 29 28 27 26 25 24 23 22 20 19 17 16 15 14 11 10 9 8 7 5 4 3 2 1 0 
124 117 94 92 73 69 68 62 55 53 52 51 48 43 38 37 36 35 34 32 31 30 29 28 27 26 25 24 23 22 20 19 17 16 15 14 11 10 9 8 7 5 4 3 2 1 0 
124 117 94 92 73 70 68 62 55 53 52 51 48 43 38 37 36 35 32 31 30 29 28 27 26 25 24 23 22 21 20 19 17 16 15 14 11 10 9 8 7 5 4 3 2 1 0 
117 92 90 73 70 69 68 62 55 53 52 51 49 48 43 38 37 36 35 31 30 29 28 27 26 25 24 23 22 21 20 19 17 15 14 11 10 9 8 7 6 5 4 3 2 1 0 
127 117 92 90 70 69 68 62 55 53 52 51 48 43 38 37 36 35 31 30 29 28 27 26 25 24 23 22 21 20 19 17 15 14 12 11 10 9 8 7 6 5 4 3 2 1 0 
127 117 92 90 70 69 68 62 55 53 52 51 48 43 38 37 36 35 31 30 29 28 27 26 25 24 23 22 21 20 19 17 15 14 12 11 10 9 8 7 6 5 4 3 2 1 0 
127 117 92 90 70 69 68 62 53 52 51 49 43 39 38 37 36 35 31 30 29 28 27 26 25 24 23 22 21 20 19 17 16 15 14 12 11 10 9 8 7 6 5 4 3 2 1 0 
117 92 90 70 68 62 53 52 51 47 46 43 39 38 37 36 35 31 30 29 28 27 25 24 23 22 21 20 19 18 17 16 15 14 12 11 10 9 8 7 6 5 4 3 2 1 0 
139 117 100 92 90 70 68 50 47 46 45 43 39 38 37 36 35 34 31 30 29 27 25 24 23 22 21 20 19 18 17 16 15 14 12 11 10 9 8 7 6 5 4 3 2 1 0 
139 117 100 95 90 84 70 68 57 50 47 46 45 43 39 38 37 36 35 34 31 30 29 27 25 24 22 21 20 19 18 17 16 15 14 12 10 9 8 7 6 5 4 3 2 1 0 
139 124 117 100 95 90 84 68 57 50 47 46 45 43 39 37 36 35 34 31 30 29 27 25 24 23 22 21 20 19 18 17 16 15 14 12 10 9 8 7 6 5 4 3 2 1 0 
139 117 105 100 95 90 84 68 62 57 50 47 46 45 43 39 37 36 34 31 30 29 27 25 24 23 22 21 20 19 18 17 16 15 14 12 10 9 8 7 6 5 4 3 2 1 0 
139 117 100 95 90 84 68 62 57 50 47 46 45 43 39 38 37 36 35 34 31 30 27 26 25 24 23 22 21 20 19 18 17 16 15 14 12 10 9 8 7 6 5 4 3 2 1 0 
139 117 100 90 84 68 62 52 47 46 45 43 39 38 37 36 35 34 31 30 29 27 26 25 24 23 22 21 20 19 18 17 16 15 14 12 11 10 9 8 7 6 5 4 3 2 1 0 
139 117 100 90 84 68 62 47 46 45 43 39 38 37 36 35 34 31 30 29 28 27 26 25 24 23 22 21 20 19 18 17 16 15 14 12 11 10 9 8 7 6 5 4 3 2 1 0 
117 92 90 68 62 53 47 46 45 43 39 38 37 36 35 34 31 30 29 28 27 26 25 24 23 22 21 20 19 18 17 16 15 14 12 11 10 9 8 7 6 5 4 3 2 1 0 
117 92 90 68 62 51 48 47 46 43 39 38 37 36 35 34 31 30 29 28 27 26 25 24 23 22 21 20 19 18 17 16 15 14 12 11 10 9 8 7 6 5 4 3 2 1 0 
124 117 92 90 68 62 51 48 47 46 43 39 38 37 36 35 34 31 30 29 28 27 26 25 24 23 22 21 20 19 18 16 15 14 12 11 10 9 8 7 6 5 4 3 2 1 0 
124 117 101 92 90 68 62 51 48 47 43 39 38 37 36 35 34 31 30 29 28 27 26 25 24 23 22 21 20 19 18 16 15 14 12 11 10 9 8 7 6 5 4 3 2 1 0 
124 117 92 90 62 53 52 51 48 47 43 39 38 37 36 35 34 31 30 29 28 27 26 25 24 23 22 21 20 19 18 16 15 14 12 11 10 9 8 7 6 5 4 3 2 1 0 
124 117 92 62 53 52 51 48 47 43 39 38 37 36 35 34 33 31 30 29 28 27 26 25 24 23 22 21 20 19 17 16 15 14 12 11 10 9 8 7 6 5 4 3 2 1 0 
124 101 92 62 53 52 51 49 48 47 43 39 38 37 36 35 34 31 30 29 28 27 26 25 24 23 22 21 20 19 17 16 15 14 12 11 10 9 8 7 6 5 4 3 2 1 0 
124 101 92 62 55 53 52 51 49 48 43 39 38 37 36 35 34 31 30 29 28 27 26 25 24 23 22 21 20 19 17 16 15 14 12 11 10 9 8 7 6 5 4 3 2 1 0 
124 101 94 92 68 62 55 53 52 51 48 43 39 38 36 35 34 31 30 29 28 27 26 25 24 23 22 20 19 17 16 15 14 12 11 10 9 8 7 6 5 4 3 2 1 0 
117 94 92 73 69 68 62 55 53 52 51 49 48 43 38 36 35 34 32 31 30 29 28 27 26 25 24 23 22 20 19 17 16 15 14 12 11 10 9 8 7 5 4 3 2 1 0 
127 117 94 92 73 69 68 62 55 53 52 51 49 48 43 38 36 35 31 30 29 28 27 26 25 24 23 22 20 19 17 16 15 14 12 11 10 9 8 7 6 5 4 3 2 1 0 
117 94 92 90 73 69 68 62 55 53 52 51 48 43 38 37 36 35 31 30 29 28 27 26 25 24 23 22 21 20 19 17 16 15 14 11 10 9 8 7 6 5 4 3 2 1 0 
117 94 92 90 73 69 68 62 55 53 52 51 48 43 38 37 36 35 31 30 29 28 27 26 25 24 23 22 21 20 19 17 16 15 14 11 10 9 8 7 6 5 4 3 2 1 0 
117 94 92 90 70 68 62 55 53 52 51 48 43 38 37 36 35 31 30 29 28 27 26 25 24 23 22 21 20 19 17 16 15 14 12 11 10 9 8 7 6 5 4 3 2 1 0 
117 92 90 70 69 68 62 55 53 52 51 48 43 38 37 36 35 31 30 29 28 27 26 25 24 23 22 21 20 19 18 17 15 14 12 11 10 9 8 7 6 5 4 3 2 1 0 
117 92 90 70 69 68 62 53 52 51 49 43 39 38 37 36 35 31 30 29 28 27 26 25 24 23 22 21 20 19 18 17 16 15 14 12 11 10 9 8 7 6 5 4 3 2 1 0 
117 92 90 70 69 68 57 53 52 51 47 43 39 38 37 36 35 31 30 29 27 26 25 24 23 22 21 20 19 18 17 16 15 14 12 11 10 9 8 7 6 5 4 3 2 1 0 
139 117 92 90 84 70 68 57 47 46 45 43 39 38 37 36 35 34 31 30 29 27 25 24 23 22 21 20 19 18 17 16 15 14 12 11 10 9 8 7 6 5 4 3 2 1 0 
139 117 100 95 90 70 68 57 50 47 46 45 43 39 38 37 36 34 31 30 29 27 25 24 23 22 21 20 19 18 17 16 15 14 12 11 10 9 8 7 6 5 4 3 2 1 0 
139 117 100 95 90 84 70 68 57 50 47 46 45 43 39 38 37 36 34 31 30 29 27 25 24 23 22 21 20 19 18 17 16 15 14 12 10 9 8 7 6 5 4 3 2 1 0 
139 117 101 100 95 90 70 68 57 50 47 46 45 43 39 38 37 36 34 31 30 29 27 25 24 23 22 21 20 19 18 17 16 15 14 12 10 9 8 7 6 5 4 3 2 1 0 
139 117 100 95 90 84 68 62 57 50 47 46 45 43 39 38 37 36 35 34 31 30 27 26 25 24 23 22 21 20 19 18 17 16 15 14 12 10 9 8 7 6 5 4 3 2 1 0 
117 100 90 68 62 53 50 47 46 45 43 39 38 37 36 35 34 31 30 29 27 26 25 24 23 22 21 20 19 18 17 16 15 14 12 11 10 9 8 7 6 5 4 3 2 1 0 
117 100 92 90 68 62 53 50 47 46 45 43 39 38 37 36 35 34 31 30 29 27 26 25 24 23 22 21 20 19 17 16 15 14 12 11 10 9 8 7 6 5 4 3 2 1 0 
117 92 90 68 62 53 47 46 45 43 39 38 37 36 35 34 31 30 29 28 27 26 25 24 23 22 21 20 19 18 17 16 15 14 12 11 10 9 8 7 6 5 4 3 2 1 0 
117 92 90 68 62 51 48 47 46 43 39 38 37 36 35 34 31 30 29 28 27 26 25 24 23 22 21 20 19 18 17 16 15 14 12 11 10 9 8 7 6 5 4 3 2 1 0 
117 92 90 62 53 51 48 47 46 43 39 38 37 36 35 34 31 30 29 28 27 26 25 24 23 22 21 20 19 18 17 16 15 14 12 11 10 9 8 7 6 5 4 3 2 1 0 
117 92 90 62 57 53 51 48 47 43 39 38 37 36 35 34 31 30 29 28 27 26 25 24 23 22 21 20 19 18 17 16 15 14 12 11 10 9 8 7 6 5 4 3 2 1 0 
117 92 90 70 62 57 53 51 48 47 43 39 38 37 36 35 34 31 30 29 28 27 26 25 24 23 22 21 20 19 18 16 15 14 12 11 10 9 8 7 6 5 4 3 2 1 0 
117 92 90 70 62 53 52 51 48 47 43 39 38 37 36 35 34 31 30 29 28 27 26 25 24 23 22 21 20 19 18 16 15 14 12 11 10 9 8 7 6 5 4 3 2 1 0 
101 92 70 62 55 53 52 51 48 47 46 43 39 38 36 35 34 31 30 29 28 27 26 25 24 23 22 21 20 19 16 15 14 12 11 10 9 8 7 6 5 4 3 2 1 0 
101 92 84 70 62 55 53 52 51 49 48 46 43 39 38 36 35 34 31 30 29 28 27 26 25 24 23 22 21 20 19 16 15 14 12 11 10 9 8 7 6 5 4 3 2 1 0 
124 101 94 92 70 62 55 53 52 51 48 43 40 39 38 36 35 34 31 30 29 28 27 26 25 24 23 22 21 20 19 16 15 14 11 10 9 8 7 6 5 4 3 2 1 0 
117 101 94 92 73 70 68 62 55 53 52 51 49 48 43 38 36 35 34 31 30 29 28 27 26 25 24 23 22 21 20 19 17 16 15 14 11 10 9 8 7 5 4 3 2 1 0 
117 100 94 92 73 70 68 64 62 55 53 52 51 49 48 43 40 38 36 35 31 30 29 28 27 26 25 24 23 22 20 19 17 16 15 14 11 10 9 8 7 5 4 3 2 1 0 
117 94 92 90 73 70 69 68 62 55 53 52 51 49 48 43 40 38 36 35 31 30 29 28 27 26 25 24 23 22 20 19 17 16 15 14 11 10 9 8 7 5 4 3 2 1 0 
124 117 94 92 90 73 70 68 62 55 53 52 51 48 43 38 36 35 31 30 29 28 27 26 25 24 23 21 20 19 17 16 15 14 11 10 9 8 7 6 5 4 3 2 1 0 
124 117 94 92 90 73 70 68 62 55 53 52 51 48 43 40 38 36 35 31 30 29 28 26 25 24 23 21 20 19 17 16 15 14 11 10 9 8 7 6 5 4 3 2 1 0 
117 94 92 90 70 69 68 62 55 53 52 51 48 43 38 36 35 31 30 29 28 26 25 24 23 22 21 20 19 18 17 16 15 14 12 11 10 9 8 7 6 5 4 3 2 1 0 
127 117 92 90 70 68 62 53 52 51 48 43 39 38 36 35 31 30 29 28 27 26 25 24 23 22 21 20 19 18 17 16 15 14 12 11 10 9 8 7 6 5 4 3 2 1 0 
117 92 90 70 68 62 57 53 52 51 47 43 39 38 37 36 35 31 30 29 28 27 25 24 23 22 21 20 19 18 17 16 15 14 12 11 10 9 8 7 6 5 4 3 2 1 0 
139 117 95 92 90 70 68 57 51 47 46 43 39 38 37 36 35 34 31 30 29 27 25 24 23 22 21 20 19 18 17 16 15 14 12 11 10 9 8 7 6 5 4 3 2 1 0 
139 117 100 95 90 70 68 57 50 47 46 45 43 39 38 37 36 34 31 30 29 27 25 24 23 22 21 20 19 18 17 16 15 14 12 11 10 9 8 7 6 5 4 3 2 1 0 
139 117 100 95 90 84 70 68 57 50 47 46 45 43 39 38 37 36 34 31 30 29 27 25 24 23 22 21 20 19 18 17 16 15 14 12 10 9 8 7 6 5 4 3 2 1 0 
139 117 101 100 95 90 70 68 57 50 47 46 45 43 39 38 37 36 34 31 30 29 27 25 24 23 22 21 20 19 18 17 16 15 14 12 10 9 8 7 6 5 4 3 2 1 0 
139 117 105 100 95 90 70 68 62 57 50 47 46 45 43 39 38 37 36 34 31 30 27 25 24 23 22 21 20 19 18 17 16 15 14 12 10 9 8 7 6 5 4 3 2 1 0 
117 100 90 70 68 62 50 47 46 45 43 39 38 37 36 35 34 31 30 29 27 26 25 24 23 22 21 20 19 18 17 16 15 14 12 11 10 9 8 7 6 5 4 3 2 1 0 
139 117 100 92 90 68 62 52 47 46 45 43 39 38 37 36 35 34 31 30 29 27 26 25 24 23 22 21 20 19 18 17 16 15 14 12 11 10 9 8 7 6 5 4 3 2 1 0 
139 117 100 92 90 84 68 62 47 46 43 39 38 37 36 35 34 31 30 29 28 27 26 25 24 23 22 21 20 19 18 17 16 15 14 12 11 10 9 8 7 6 5 4 3 2 1 0 
124 117 100 92 90 68 62 51 48 47 46 43 39 38 37 36 35 34 31 30 28 27 26 25 24 23 22 21 20 19 17 16 15 14 12 11 10 9 8 7 6 5 4 3 2 1 0 
124 117 100 92 90 68 62 51 48 47 46 43 39 38 37 36 35 34 31 30 28 27 26 25 24 23 22 21 20 19 17 16 15 14 12 11 10 9 8 7 6 5 4 3 2 1 0 
169 163 157 152 139 133 127 124 118 117 112 111 107 105 101 96 95 94 93 92 90 89 87 86 84 80 78 73 72 70 69 68 67 64 62 61 57 55 53 52 51 50 23 19 1 0 
169 164 163 157 139 133 127 124 118 117 112 111 107 105 101 96 94 93 92 90 89 87 84 80 78 77 73 72 70 69 68 67 64 62 61 57 55 53 52 51 50 24 5 1 0 
124 117 100 92 90 70 68 62 53 52 51 47 43 39 38 37 36 35 31 30 29 27 26 25 24 23 22 21 20 19 17 16 15 14 12 11 10 9 8 7 6 5 4 3 2 1 0 
139 124 117 100 95 92 90 68 62 57 52 51 47 43 39 38 37 36 35 31 30 29 27 26 25 24 23 22 21 20 19 17 16 15 14 12 11 10 9 8 7 6 5 4 3 2 1 0 
139 127 124 117 100 92 90 84 68 62 57 55 53 52 51 50 47 43 39 38 37 36 31 27 24 23 21 20 19 18 17 16 15 14 12 11 10 9 8 7 6 5 4 3 2 1 0 
139 124 117 100 95 90 68 62 57 51 50 47 46 43 39 38 37 36 34 31 30 29 27 25 24 23 22 21 20 19 18 17 16 14 12 11 10 9 8 7 6 5 4 3 2 1 0 
139 124 117 100 95 90 68 62 57 50 47 46 45 43 39 38 37 36 34 31 30 29 27 25 24 23 22 21 20 19 18 17 16 14 12 11 10 9 8 7 6 5 4 3 2 1 0 
139 124 117 100 90 68 62 57 50 47 46 45 43 39 38 37 36 34 31 30 29 27 26 25 24 23 22 21 20 19 18 17 16 14 12 11 10 9 8 7 6 5 4 3 2 1 0 
139 124 117 100 90 68 62 57 50 47 46 45 43 39 38 37 36 34 31 30 29 27 26 25 24 23 22 21 20 19 18 17 16 14 12 11 10 9 8 7 6 5 4 3 2 1 0 
124 117 100 92 90 68 62 57 51 47 46 45 43 39 38 37 36 34 31 30 28 27 26 25 24 23 22 21 20 19 17 16 15 14 12 11 10 9 8 7 6 5 4 3 2 1 0 
124 117 100 92 90 68 62 51 50 47 46 43 39 38 37 36 35 34 31 30 28 27 26 25 24 23 22 21 20 19 17 16 15 14 12 11 10 9 8 7 6 5 4 3 2 1 0 
124 117 100 92 90 68 62 57 52 51 48 47 43 39 38 37 36 35 34 31 30 28 27 26 25 24 23 22 21 20 19 17 16 14 12 11 10 9 8 7 6 5 4 3 2 1 0 
139 124 117 92 90 68 62 57 52 51 48 47 43 39 38 37 36 35 34 31 30 29 28 27 26 25 24 23 21 20 19 17 16 14 12 11 10 9 8 7 6 5 4 3 2 1 0 
124 117 92 90 62 57 53 52 51 48 43 39 38 37 36 35 34 31 30 29 28 27 26 25 24 23 22 21 20 19 17 16 15 14 12 11 10 9 8 7 6 5 4 3 2 1 0 
139 124 117 92 90 62 57 53 52 51 48 47 43 39 38 37 36 35 34 31 30 28 27 26 25 24 23 21 20 19 17 16 15 14 12 11 10 9 8 7 6 5 4 3 2 1 0 
124 117 92 62 57 55 53 52 51 48 47 43 39 38 36 35 34 31 30 29 28 27 26 25 24 23 21 20 19 17 16 15 14 12 11 10 9 8 7 6 5 4 3 2 1 0 
124 92 62 57 53 52 51 48 47 43 39 38 36 35 34 32 31 30 29 28 27 26 25 24 23 22 21 20 19 17 16 15 14 12 11 10 9 8 7 6 5 4 3 2 1 0 
124 92 62 57 55 53 52 51 48 43 39 38 36 35 34 32 31 30 29 28 27 26 25 24 23 22 21 20 19 17 16 15 14 12 11 10 9 8 7 6 5 4 3 2 1 0 
127 124 92 73 70 62 55 53 52 51 48 43 39 38 36 35 34 32 31 30 29 28 27 26 25 24 23 21 20 19 17 16 15 14 12 11 10 9 8 7 5 4 3 2 1 0 
127 124 92 73 70 62 55 53 52 51 48 43 38 36 35 34 32 31 30 29 28 27 26 25 24 23 22 21 20 19 17 16 15 14 12 11 10 9 8 7 5 4 3 2 1 0 
124 94 92 73 70 62 55 53 52 51 49 48 43 38 37 36 35 34 32 31 30 29 28 27 26 25 24 23 21 20 19 17 16 15 14 12 11 10 9 8 7 5 4 3 2 1 0 
124 117 100 92 73 70 69 62 55 53 52 51 49 48 43 38 37 36 35 32 31 30 29 28 27 26 25 24 23 22 21 20 19 17 16 15 14 11 10 9 8 7 5 4 3 2 1 0 
124 117 92 73 68 62 55 53 52 51 49 48 43 38 37 36 35 32 31 30 29 28 27 26 25 24 23 21 20 19 17 16 15 14 12 11 10 9 8 7 6 5 4 3 2 1 0 
117 100 92 73 70 68 62 53 52 51 48 43 40 38 37 36 35 32 31 30 29 28 27 26 25 24 23 21 20 19 17 16 15 14 12 11 10 9 8 7 6 5 4 3 2 1 0 
117 92 90 73 70 68 62 53 52 51 48 43 38 37 36 35 32 31 30 29 28 27 26 25 24 23 21 20 19 18 17 16 15 14 12 11 10 9 8 7 6 5 4 3 2 1 0 
117 100 92 90 70 69 68 62 53 52 51 48 43 38 37 36 35 32 31 30 29 28 27 26 25 24 23 21 20 19 18 17 16 15 14 12 11 10 9 8 7 6 5 4 3 2 1 0 
117 100 95 92 90 70 69 68 62 57 53 52 51 47 43 39 38 37 36 35 31 30 29 28 26 25 24 23 21 20 19 18 17 15 14 12 11 10 9 8 7 6 5 4 3 2 1 0 
117 100 95 92 90 70 68 62 57 52 51 47 43 39 38 37 36 35 31 30 29 27 26 25 24 23 22 21 20 19 18 17 16 15 14 12 11 10 9 8 7 6 5 4 3 2 1 0 
139 124 117 100 95 92 90 70 68 57 47 43 39 38 37 36 35 34 31 30 29 27 25 24 23 22 21 20 19 18 17 16 15 14 12 11 10 9 8 7 6 5 4 3 2 1 0 
139 127 124 117 100 95 90 70 68 57 47 46 45 43 39 38 37 36 34 31 30 27 25 24 23 22 21 20 19 18 17 16 15 14 12 11 10 9 8 7 6 5 4 3 2 1 0 
139 127 124 117 100 95 90 68 57 50 47 46 45 43 39 38 37 36 34 31 30 27 25 24 23 22 21 20 19 18 17 16 15 14 12 11 10 9 8 7 6 5 4 3 2 1 0 
139 124 117 100 95 90 68 62 57 50 47 46 45 43 39 38 37 36 34 31 30 29 27 25 24 23 22 21 20 19 18 17 16 15 14 12 10 9 8 7 6 5 4 3 2 1 0 
139 124 117 100 90 68 62 57 50 47 46 45 43 39 38 37 36 34 31 30 29 27 26 25 24 23 22 21 20 19 18 17 16 15 14 12 10 9 8 7 6 5 4 3 2 1 0 
139 124 117 100 90 70 68 62 57 47 46 45 43 39 38 37 36 34 31 30 29 27 26 25 24 23 22 21 20 19 18 17 16 15 14 12 10 9 8 7 6 5 4 3 2 1 0 
124 117 100 92 90 70 68 62 51 47 46 43 39 38 37 36 35 34 31 30 29 27 26 25 24 23 22 21 20 19 18 17 16 14 12 11 10 9 8 7 6 5 4 3 2 1 0 
124 117 92 90 68 62 51 47 46 43 39 38 37 36 35 34 31 30 29 28 27 26 25 24 23 22 21 20 19 18 17 16 15 14 12 11 10 9 8 7 6 5 4 3 2 1 0 
124 117 92 90 62 57 51 48 47 43 39 38 37 36 35 34 31 30 29 28 27 26 25 24 23 22 21 20 19 18 17 16 15 14 12 11 10 9 8 7 6 5 4 3 2 1 0 
117 92 90 70 62 57 52 51 48 47 43 39 38 37 36 35 34 31 30 29 28 27 26 25 24 23 22 21 20 19 17 16 15 14 12 11 10 9 8 7 6 5 4 3 2 1 0 
139 124 117 92 90 70 62 57 51 48 47 43 39 38 37 36 35 34 31 30 29 28 27 26 25 24 23 21 20 19 17 16 15 14 12 11 10 9 8 7 6 5 4 3 2 1 0 
139 124 117 92 90 70 62 57 51 48 47 43 39 38 37 36 35 34 31 30 29 28 27 26 25 24 23 21 20 19 17 16 15 14 12 11 10 9 8 7 6 5 4 3 2 1 0 
124 117 101 92 70 62 57 52 51 48 47 43 39 38 37 36 35 34 31 30 29 28 27 26 25 24 23 21 20 19 17 16 15 14 12 11 10 9 8 7 6 5 4 3 2 1 0 
124 117 92 70 62 57 53 52 51 48 43 39 38 37 36 35 34 31 30 29 28 27 26 25 24 23 22 21 20 19 17 16 15 14 12 11 10 9 8 7 6 5 4 3 2 1 0 
163 124 92 70 62 55 53 52 51 49 48 43 39 38 37 36 35 34 31 30 29 28 27 26 25 24 23 21 20 19 17 16 15 14 12 11 10 9 8 7 6 5 4 3 2 1 0 
163 124 117 101 92 73 70 62 55 53 52 51 48 43 38 37 36 35 34 31 30 29 28 27 26 25 24 23 22 20 19 17 16 15 14 12 11 10 9 8 7 5 4 3 2 1 0 
124 117 101 92 73 70 62 55 53 52 51 49 48 43 38 36 35 32 31 30 29 28 27 26 25 24 23 22 21 20 19 17 16 15 14 12 11 10 9 8 7 5 4 3 2 1 0 
124 117 92 90 73 70 62 55 53 52 51 48 43 38 36 35 32 31 30 29 28 27 26 25 24 23 21 20 19 17 16 15 14 12 11 10 9 8 7 6 5 4 3 2 1 0 
127 124 117 92 90 70 62 55 53 52 51 48 43 38 37 36 35 32 31 30 29 28 27 26 25 24 23 21 20 19 17 16 15 14 12 11 10 9 8 7 6 5 4 3 2 1 0 
124 117 92 90 70 62 57 55 53 52 51 48 43 38 37 36 35 32 31 30 29 28 27 26 25 24 23 21 20 19 17 16 15 14 12 11 10 9 8 7 6 5 4 3 2 1 0 
117 92 90 70 68 62 57 55 53 52 51 48 43 38 37 36 35 32 31 30 29 28 27 26 25 24 23 21 20 19 18 17 15 14 12 11 10 9 8 7 6 5 4 3 2 1 0 
127 117 92 90 70 68 62 57 53 52 51 43 39 38 37 36 35 32 31 30 29 28 27 26 25 24 23 22 21 20 19 18 17 15 12 11 10 9 8 7 6 5 4 3 2 1 0 
117 92 90 70 68 62 57 53 52 51 47 43 39 38 37 36 35 31 30 29 28 27 25 24 23 22 21 20 19 18 17 16 15 14 12 11 10 9 8 7 6 5 4 3 2 1 0 
127 124 117 95 92 90 70 68 57 51 47 46 43 39 38 37 36 35 31 30 29 27 25 24 23 22 21 20 19 18 17 16 15 14 12 11 10 9 8 7 6 5 4 3 2 1 0 
139 117 100 95 90 70 68 57 50 47 46 45 43 39 38 37 36 34 31 30 29 27 25 24 23 22 21 20 19 18 17 16 15 14 12 11 10 9 8 7 6 5 4 3 2 1 0 
139 127 117 100 95 90 70 68 57 50 47 46 45 43 39 38 37 36 34 31 30 29 27 25 24 23 22 21 20 19 18 17 16 15 14 12 10 9 8 7 6 5 4 3 2 1 0 
139 117 101 100 95 90 70 68 57 50 47 46 45 43 39 38 37 36 34 31 30 29 27 25 24 23 22 21 20 19 18 17 16 15 14 12 10 9 8 7 6 5 4 3 2 1 0 
139 124 117 100 90 70 68 62 57 47 46 45 43 39 38 37 36 35 34 31 30 29 27 25 24 23 22 21 20 19 18 17 16 15 14 12 10 9 8 7 6 5 4 3 2 1 0 
139 124 117 100 90 70 68 62 57 47 46 45 43 39 38 37 36 35 34 31 30 29 27 25 24 23 22 21 20 19 18 17 16 15 14 12 10 9 8 7 6 5 4 3 2 1 0 
124 117 100 90 70 68 62 57 47 46 45 43 39 38 37 36 35 34 31 29 27 26 25 24 23 22 21 20 19 18 17 16 15 14 12 11 10 9 8 7 6 5 4 3 2 1 0 
124 117 92 90 70 62 57 47 46 43 39 38 37 36 35 34 31 30 29 28 27 26 25 24 23 22 21 20 19 18 17 16 15 14 12 11 10 9 8 7 6 5 4 3 2 1 0 
117 92 90 70 62 57 51 48 47 46 43 39 38 37 36 35 34 31 29 28 27 26 25 24 23 22 21 20 19 18 17 16 15 14 12 11 10 9 8 7 6 5 4 3 2 1 0 
124 117 92 90 70 62 57 52 51 48 47 46 43 39 38 37 36 35 34 31 30 29 28 27 26 25 24 23 21 20 19 16 15 14 12 11 10 9 8 7 6 5 4 3 2 1 0 
124 117 92 90 70 62 57 52 51 48 47 46 43 39 38 37 36 35 34 31 30 29 28 27 26 25 24 23 21 20 19 16 15 14 12 11 10 9 8 7 6 5 4 3 2 1 0 
139 124 117 92 90 70 62 57 51 48 47 43 39 38 37 36 35 34 31 30 29 28 27 26 25 24 23 21 20 19 17 16 15 14 12 11 10 9 8 7 6 5 4 3 2 1 0 
124 117 101 92 90 70 62 57 52 51 48 47 43 39 38 37 36 35 34 31 30 29 28 27 26 25 24 23 21 20 19 16 15 14 12 11 10 9 8 7 6 5 4 3 2 1 0 
124 92 70 62 57 55 53 51 48 47 43 39 38 37 36 35 34 31 30 29 28 27 26 25 24 23 22 21 20 19 16 15 14 12 11 10 9 8 7 6 5 4 3 2 1 0 
124 92 70 62 57 55 53 52 51 49 48 43 39 38 37 36 35 34 31 30 29 28 27 26 25 24 23 22 21 20 19 16 15 14 12 11 10 9 8 7 6 5 4 3 2 1 0 
124 92 70 62 57 55 53 52 51 49 48 43 39 38 37 36 35 34 31 30 29 28 27 26 25 24 23 22 21 20 19 16 15 14 12 11 10 9 8 7 6 5 4 3 2 1 0 
124 92 70 62 57 55 53 52 51 49 48 43 39 38 37 36 35 34 31 30 29 28 27 26 25 24 23 22 21 20 19 16 15 14 12 11 10 9 8 7 6 5 4 3 2 1 0 
163 127 124 117 92 73 70 62 57 55 53 52 51 48 43 38 37 36 35 31 30 29 28 27 26 25 24 23 22 20 19 16 15 14 12 11 10 9 8 7 6 5 4 3 2 1 0 
163 127 124 117 94 92 90 73 70 62 55 53 52 51 48 43 38 37 36 35 31 30 29 28 27 26 25 24 23 20 19 16 15 14 12 11 10 9 8 7 6 5 4 3 2 1 0 
124 117 92 90 73 70 62 55 53 52 51 49 48 43 38 37 36 35 32 31 30 29 28 27 26 25 24 23 21 20 19 16 15 14 12 11 10 9 8 7 6 5 4 3 2 1 0 
163 127 124 117 92 90 73 70 62 57 55 53 52 51 48 43 38 37 36 35 30 29 28 27 26 25 24 23 21 20 19 17 16 15 12 11 10 9 8 7 6 5 4 3 2 1 0 
163 124 117 92 90 70 62 57 55 53 52 51 48 43 38 37 36 35 31 30 29 28 27 26 25 24 23 21 20 19 18 17 16 15 12 11 10 9 8 7 6 5 4 3 2 1 0 
117 92 90 70 68 62 57 55 53 52 51 48 43 39 38 37 36 35 31 30 29 28 27 26 25 24 23 21 20 19 18 17 15 14 12 11 10 9 8 7 6 5 4 3 2 1 0 
127 117 92 90 84 70 68 62 57 52 51 43 39 38 37 36 35 31 30 29 28 27 26 25 24 23 22 21 20 19 18 17 16 15 14 12 11 10 9 8 7 6 5 4 3 2 1 0 
127 117 105 95 92 90 70 68 57 51 47 46 43 39 38 37 36 35 31 30 29 27 25 24 23 22 21 20 19 18 17 16 15 14 12 11 10 9 8 7 6 5 4 3 2 1 0 
139 117 95 92 90 84 70 68 57 47 46 45 43 39 38 37 36 35 34 31 30 29 27 25 24 22 21 20 19 18 17 16 15 14 12 11 10 9 8 7 6 5 4 3 2 1 0 
139 117 100 95 90 84 70 68 57 50 47 46 45 43 39 38 37 36 34 31 30 29 27 25 24 23 22 21 20 19 18 17 16 15 14 12 10 9 8 7 6 5 4 3 2 1 0 
139 117 101 100 95 90 70 68 57 50 47 46 45 43 39 38 37 36 34 31 30 29 27 25 24 23 22 21 20 19 18 17 16 15 14 12 10 9 8 7 6 5 4 3 2 1 0 
139 117 105 100 95 90 70 68 57 50 47 46 45 43 39 38 37 36 35 34 31 30 27 25 24 23 22 21 20 19 18 17 16 15 14 12 10 9 8 7 6 5 4 3 2 1 0 
139 117 100 90 84 70 62 57 52 47 46 45 43 39 38 37 36 35 34 31 30 27 26 25 24 23 22 21 20 19 18 17 16 15 14 12 11 10 9 8 7 6 5 4 3 2 1 0 
139 117 100 92 90 70 62 57 52 50 47 46 45 43 39 38 37 36 35 34 31 30 27 26 25 24 23 22 21 20 19 18 16 15 14 12 11 10 9 8 7 6 5 4 3 2 1 0 
117 100 92 90 84 70 62 57 47 46 45 43 39 38 37 36 35 34 31 30 29 28 27 26 25 24 23 22 21 20 19 18 16 15 14 12 11 10 9 8 7 6 5 4 3 2 1 0 
117 92 90 70 68 62 57 51 48 47 46 43 39 38 37 36 35 34 31 30 28 27 26 25 24 23 22 21 20 19 18 16 15 14 12 11 10 9 8 7 6 5 4 3 2 1 0 
117 105 92 90 70 62 57 52 51 48 47 46 43 39 38 37 36 35 34 31 30 28 27 26 25 24 23 22 21 20 19 16 15 14 12 11 10 9 8 7 6 5 4 3 2 1 0 
139 117 92 90 70 62 57 55 51 48 47 43 39 38 37 36 35 34 31 30 29 28 27 26 25 24 23 22 21 20 19 16 15 14 12 11 10 9 8 7 6 5 4 3 2 1 0 
139 117 92 90 70 62 57 55 51 48 47 43 39 38 37 36 35 34 31 30 29 28 27 26 25 24 23 22 21 20 19 16 15 14 12 11 10 9 8 7 6 5 4 3 2 1 0 
139 124 117 92 90 70 62 57 51 48 47 43 39 38 37 36 35 34 31 30 29 28 27 26 25 24 23 22 21 20 19 16 15 14 12 11 10 9 8 7 6 5 4 3 2 1 0 
124 92 70 62 57 55 53 51 48 47 43 39 38 37 36 35 34 31 30 29 28 27 26 25 24 23 22 21 20 19 16 15 14 12 11 10 9 8 7 6 5 4 3 2 1 0 
124 92 70 62 57 55 53 52 51 49 48 43 39 38 37 36 35 34 31 30 29 28 27 26 25 24 23 22 21 20 19 16 15 14 12 11 10 9 8 7 6 5 4 3 2 1 0 
124 101 92 70 62 57 55 53 52 51 49 48 43 39 38 37 36 35 34 31 30 29 28 27 26 25 24 23 22 20 19 16 15 14 12 11 10 9 8 7 6 5 4 3 2 1 0 
124 101 92 73 70 62 55 53 52 51 48 43 39 38 37 36 35 34 31 30 29 28 27 26 25 24 23 22 20 19 16 15 14 12 11 10 9 8 7 6 5 4 3 2 1 0 
163 127 124 117 101 94 92 73 70 62 55 53 52 51 49 48 43 38 37 36 35 31 30 29 28 27 26 25 24 23 22 20 19 16 15 14 12 11 10 9 8 7 5 4 3 2 1 0 
127 124 117 94 92 90 73 70 64 62 55 53 52 51 48 43 38 37 36 35 32 31 30 29 28 27 26 25 24 23 20 19 16 15 14 12 11 10 9 8 7 5 4 3 2 1 0 
124 117 92 90 73 70 62 55 53 52 51 49 48 43 38 37 36 35 31 30 29 28 27 26 25 24 23 22 21 20 19 16 15 14 12 11 10 9 8 7 6 5 4 3 2 1 0 
124 117 92 90 70 68 62 57 55 53 52 51 48 43 38 37 36 35 32 31 30 29 28 26 25 24 23 22 21 20 19 16 15 14 12 11 10 9 8 7 6 5 4 3 2 1 0 
127 124 117 92 90 70 68 62 57 55 53 52 51 48 43 38 37 36 35 31 30 29 28 27 26 25 24 23 21 20 19 18 15 14 12 11 10 9 8 7 6 5 4 3 2 1 0 
117 92 90 70 68 62 57 55 53 52 51 48 43 39 38 37 36 35 31 30 29 28 27 26 25 24 23 22 21 20 19 18 15 14 12 11 10 9 8 7 6 5 4 3 2 1 0 
127 117 92 90 70 68 57 53 52 51 47 43 39 38 37 36 35 31 30 29 27 26 25 24 23 22 21 20 19 18 17 16 15 14 12 11 10 9 8 7 6 5 4 3 2 1 0 
139 117 95 92 90 70 68 57 51 47 46 43 39 38 37 36 35 34 31 30 29 27 25 24 23 22 21 20 19 18 17 16 15 14 12 11 10 9 8 7 6 5 4 3 2 1 0 
139 117 100 95 90 70 68 57 50 47 46 45 43 39 38 37 36 34 31 30 29 27 25 24 23 22 21 20 19 18 17 16 15 14 12 11 10 9 8 7 6 5 4 3 2 1 0 
139 117 101 100 95 90 70 68 57 50 47 46 45 43 39 38 37 36 34 31 30 29 27 25 24 23 22 21 20 19 18 17 16 15 14 12 10 9 8 7 6 5 4 3 2 1 0 
139 117 101 100 95 90 70 68 57 50 47 46 45 43 39 38 37 36 34 31 30 29 27 25 24 23 22 21 20 19 18 17 16 15 14 12 10 9 8 7 6 5 4 3 2 1 0 
139 124 117 101 100 95 90 70 62 57 47 46 45 43 39 38 37 36 35 34 31 30 29 27 26 25 24 23 22 21 20 19 18 16 15 14 12 10 9 8 7 6 5 4 3 2 1 0 
139 124 117 100 95 90 70 62 57 47 46 45 43 39 38 37 36 35 34 31 30 29 27 26 25 24 23 22 21 20 19 18 16 15 14 12 11 10 9 8 7 6 5 4 3 2 1 0 
117 100 92 90 84 70 62 57 52 47 46 43 39 38 37 36 35 34 31 30 29 28 27 26 25 24 23 22 21 20 19 18 16 15 14 12 11 10 9 8 7 6 5 4 3 2 1 0 
139 117 100 92 90 84 70 62 57 51 47 46 43 39 38 37 36 35 34 31 30 29 28 27 26 25 24 23 22 21 20 19 16 15 14 12 11 10 9 8 7 6 5 4 3 2 1 0 
139 124 117 92 90 86 70 62 57 47 43 39 38 37 36 35 34 31 30 29 28 27 26 25 24 23 22 21 20 19 18 16 15 14 12 11 10 9 8 7 6 5 4 3 2 1 0 
124 117 92 90 70 62 57 48 47 46 43 39 38 37 36 35 34 31 30 29 28 27 26 25 24 23 22 21 20 19 18 16 15 14 12 11 10 9 8 7 6 5 4 3 2 1 0 
124 117 92 90 70 62 57 51 48 47 43 39 38 37 36 35 34 31 30 29 28 27 26 25 24 23 22 21 20 19 18 16 15 14 12 11 10 9 8 7 6 5 4 3 2 1 0 
139 124 117 92 90 70 62 57 51 48 47 43 39 38 37 36 35 34 31 30 29 28 27 26 25 24 23 22 21 20 19 16 15 14 12 11 10 9 8 7 6 5 4 3 2 1 0 
139 124 117 92 90 70 62 57 51 48 47 43 39 38 37 36 35 34 31 30 29 28 27 26 25 24 23 22 21 20 19 16 15 14 12 11 10 9 8 7 6 5 4 3 2 1 0 
124 92 70 62 57 55 53 51 48 47 43 39 38 37 36 35 34 31 30 29 28 27 26 25 24 23 22 21 20 19 16 15 14 12 11 10 9 8 7 6 5 4 3 2 1 0 
124 101 92 70 62 57 53 52 51 48 47 43 39 38 36 35 34 31 30 29 28 27 26 25 24 23 22 21 20 19 16 15 14 12 11 10 9 8 7 6 5 4 3 2 1 0 
124 92 70 62 57 55 53 52 51 49 48 43 39 38 37 36 35 34 31 30 29 28 27 26 25 24 23 22 21 20 19 16 15 14 12 11 10 9 8 7 6 5 4 3 2 1 0 
124 94 92 73 70 62 57 55 53 52 51 49 48 43 39 38 37 36 35 34 31 30 29 28 27 26 25 24 23 22 20 19 16 15 14 12 11 10 9 8 7 5 4 3 2 1 0 
127 124 117 94 92 73 70 62 55 53 52 51 48 43 40 38 37 36 35 32 31 30 29 28 27 26 25 24 23 22 20 19 16 15 14 12 11 10 9 8 7 5 4 3 2 1 0 
127 124 117 94 92 90 73 70 62 55 53 52 51 48 43 40 38 37 36 35 32 31 30 29 28 27 26 25 24 23 20 19 16 15 14 12 11 10 9 8 7 5 4 3 2 1 0 
124 117 94 92 90 70 62 57 55 53 52 51 48 43 40 38 37 36 35 31 30 29 28 27 26 25 24 23 21 20 19 16 15 14 12 11 10 9 8 7 6 5 4 3 2 1 0 
127 124 117 92 90 70 62 57 55 53 52 51 48 43 40 38 37 36 35 31 30 29 28 27 26 25 24 23 21 20 19 18 15 14 12 11 10 9 8 7 6 5 4 3 2 1 0 
124 117 92 90 70 62 57 55 53 52 51 48 43 38 37 36 35 32 31 30 29 28 27 26 25 24 23 22 21 20 19 18 15 14 12 11 10 9 8 7 6 5 4 3 2 1 0 
124 117 92 90 70 68 62 57 55 53 52 51 43 39 38 37 36 35 31 30 29 28 27 26 25 24 23 22 21 20 19 18 15 14 12 11 10 9 8 7 6 5 4 3 2 1 0 
124 117 95 92 90 70 68 57 53 52 51 47 43 39 38 37 36 35 31 30 29 28 27 25 24 23 22 21 20 19 18 16 15 14 12 11 10 9 8 7 6 5 4 3 2 1 0 
139 127 117 100 95 92 90 84 70 68 57 51 47 46 43 39 38 37 36 35 31 30 27 25 24 23 22 21 20 19 18 17 16 15 14 12 11 10 9 8 7 6 5 4 3 2 1 0 
139 117 100 95 90 70 68 57 50 47 46 45 43 39 38 37 36 34 31 30 29 27 25 24 23 22 21 20 19 18 17 16 15 14 12 11 10 9 8 7 6 5 4 3 2 1 0 
139 127 117 100 95 90 70 68 57 50 47 46 45 43 39 38 37 36 34 31 30 29 27 25 24 23 22 21 20 19 18 17 16 15 14 12 10 9 8 7 6 5 4 3 2 1 0 
139 127 117 100 95 90 70 68 57 50 47 46 45 43 39 38 37 36 34 31 30 29 27 25 24 23 22 21 20 19 18 17 16 15 14 12 10 9 8 7 6 5 4 3 2 1 0 
139 127 117 100 95 90 70 68 57 50 47 46 45 43 39 38 37 36 34 31 30 29 27 25 24 23 22 21 20 19 18 17 16 15 14 12 10 9 8 7 6 5 4 3 2 1 0 
139 117 100 90 84 70 62 57 50 47 46 45 43 39 38 37 36 35 34 31 30 28 27 26 25 24 23 22 21 20 19 18 16 15 14 12 11 10 9 8 7 6 5 4 3 2 1 0 
117 100 92 90 84 70 62 57 52 47 46 43 39 38 37 36 35 34 31 30 29 28 27 26 25 24 23 22 21 20 19 18 16 15 14 12 11 10 9 8 7 6 5 4 3 2 1 0 
139 117 100 92 90 70 62 57 51 47 46 43 39 38 37 36 35 34 31 30 29 28 27 26 25 24 23 22 21 20 19 18 16 15 14 12 11 10 9 8 7 6 5 4 3 2 1 0 
124 117 92 90 70 62 57 51 48 47 46 43 39 38 37 36 35 34 31 30 28 27 26 25 24 23 22 21 20 19 18 16 15 14 12 11 10 9 8 7 6 5 4 3 2 1 0 
124 117 92 90 70 62 57 51 48 47 43 39 38 37 36 35 34 31 30 29 28 27 26 25 24 23 22 21 20 19 18 16 15 14 12 11 10 9 8 7 6 5 4 3 2 1 0 
124 117 92 90 70 62 57 51 48 47 43 39 38 37 36 35 34 31 30 29 28 27 26 25 24 23 22 21 20 19 18 16 15 14 12 11 10 9 8 7 6 5 4 3 2 1 0 
124 117 92 90 70 62 57 51 48 47 43 39 38 37 36 35 34 31 30 29 28 27 26 25 24 23 22 21 20 19 18 16 15 14 12 11 10 9 8 7 6 5 4 3 2 1 0 
117 92 90 70 62 57 53 51 48 47 43 39 38 37 36 35 34 31 30 29 28 27 26 25 24 23 22 21 20 19 18 16 15 14 12 11 10 9 8 7 6 5 4 3 2 1 0 
139 117 92 90 70 62 57 53 51 48 47 43 39 38 37 36 35 34 31 30 29 28 27 26 25 24 23 22 21 20 19 16 15 14 12 11 10 9 8 7 6 5 4 3 2 1 0 
124 92 70 62 57 55 53 52 51 49 48 43 39 38 37 36 35 34 31 30 29 28 27 26 25 24 23 22 21 20 19 16 15 14 12 11 10 9 8 7 6 5 4 3 2 1 0 
124 92 70 62 57 55 53 52 51 49 48 43 39 38 37 36 35 34 31 30 29 28 27 26 25 24 23 22 21 20 19 16 15 14 12 11 10 9 8 7 6 5 4 3 2 1 0 
124 117 94 92 73 70 62 55 53 52 51 48 43 38 36 35 34 31 30 29 28 27 26 25 24 23 22 21 20 19 16 15 14 12 11 10 9 8 7 6 5 4 3 2 1 0 
124 117 100 94 92 73 70 62 55 53 52 51 48 43 38 37 36 35 32 31 30 29 28 27 26 25 24 23 22 20 19 16 15 14 12 11 10 9 8 7 6 5 4 3 2 1 0 
127 117 94 92 90 73 70 62 55 53 52 51 48 43 38 37 36 35 32 31 30 29 28 27 26 25 24 23 21 20 19 16 15 14 12 11 10 9 8 7 6 5 4 3 2 1 0 
127 117 94 92 90 73 70 62 55 53 52 51 48 43 38 37 36 35 32 31 30 29 28 27 26 25 24 23 21 20 19 16 15 14 12 11 10 9 8 7 6 5 4 3 2 1 0 
117 94 92 90 73 70 62 55 53 52 51 48 43 38 37 36 35 32 31 30 29 28 27 26 25 24 23 21 20 19 18 16 15 14 12 11 10 9 8 7 6 5 4 3 2 1 0 
117 94 92 90 70 68 62 57 55 53 52 51 48 43 38 37 36 35 32 31 30 29 28 27 26 25 24 23 21 20 19 18 16 15 12 11 10 9 8 7 6 5 4 3 2 1 0 
117 92 90 70 68 62 57 55 53 52 51 48 43 38 37 36 35 32 31 30 29 28 27 26 25 24 23 22 21 20 19 18 15 14 12 11 10 9 8 7 6 5 4 3 2 1 0 
117 92 90 70 68 57 53 52 51 47 43 39 38 37 36 35 32 31 30 29 28 27 26 25 24 23 22 21 20 19 18 16 15 14 12 11 10 9 8 7 6 5 4 3 2 1 0 
139 127 117 95 92 90 84 70 68 57 52 51 47 43 39 38 37 36 35 31 30 29 28 27 25 24 23 22 21 20 19 18 16 15 14 12 11 10 9 8 7 6 5 4 3 2 1 0 
139 117 100 95 92 90 70 68 57 50 47 46 43 39 38 37 36 34 31 30 29 27 25 24 23 22 21 20 19 18 17 16 15 14 12 11 10 9 8 7 6 5 4 3 2 1 0 
139 117 100 95 90 70 68 57 50 47 46 45 43 39 38 37 36 34 31 30 29 27 25 24 23 22 21 20 19 18 17 16 15 14 12 11 10 9 8 7 6 5 4 3 2 1 0 
139 127 117 101 100 95 90 70 68 57 50 47 46 45 43 39 37 36 34 31 30 29 27 25 24 23 22 21 20 19 18 16 15 14 12 11 10 9 8 7 6 5 4 3 2 1 0 
139 117 101 100 95 90 70 62 57 50 47 46 43 39 38 37 36 35 34 31 30 29 27 26 25 24 23 22 21 20 19 18 16 15 14 12 11 10 9 8 7 6 5 4 3 2 1 0 
139 117 101 100 95 90 70 62 57 50 47 46 43 39 38 37 36 35 34 31 30 29 27 26 25 24 23 22 21 20 19 18 16 15 14 12 11 10 9 8 7 6 5 4 3 2 1 0 
139 117 100 92 90 70 62 57 52 47 46 43 39 38 37 36 35 34 31 30 29 28 27 26 25 24 23 22 21 20 19 18 16 15 14 12 11 10 9 8 7 6 5 4 3 2 1 0 
139 117 100 92 90 70 62 57 51 47 46 43 39 38 37 36 35 34 31 30 29 28 27 26 25 24 23 22 21 20 19 18 16 15 14 12 11 10 9 8 7 6 5 4 3 2 1 0 
139 117 100 92 90 70 62 57 52 51 48 47 46 43 39 38 37 36 35 34 31 30 28 27 26 25 24 23 21 20 19 18 16 15 14 12 11 10 9 8 7 6 5 4 3 2 1 0 
139 117 100 92 90 70 62 57 52 51 48 47 43 39 38 37 36 35 34 31 30 29 28 27 26 25 24 23 21 20 19 18 16 15 14 12 11 10 9 8 7 6 5 4 3 2 1 0 
117 92 90 70 62 57 53 51 48 47 43 39 38 37 36 35 34 31 30 29 28 27 26 25 24 23 22 21 20 19 18 16 15 14 12 11 10 9 8 7 6 5 4 3 2 1 0 
139 117 95 92 90 70 62 57 52 51 48 47 43 39 38 37 36 35 34 31 30 29 28 27 26 25 24 23 21 20 19 18 16 15 14 12 11 10 9 8 7 6 5 4 3 2 1 0 
117 92 90 70 62 57 53 51 48 47 43 39 38 37 36 35 34 31 30 29 28 27 26 25 24 23 22 21 20 19 18 16 15 14 12 11 10 9 8 7 6 5 4 3 2 1 0 
139 117 92 70 62 57 55 53 52 51 48 47 43 39 38 37 36 35 34 31 30 29 28 27 26 25 24 23 21 20 19 16 15 14 12 11 10 9 8 7 6 5 4 3 2 1 0 
139 117 92 70 62 57 55 53 52 51 48 47 43 39 38 37 36 35 34 31 30 29 28 27 26 25 24 23 21 20 19 16 15 14 12 11 10 9 8 7 6 5 4 3 2 1 0 
124 117 101 92 70 62 55 53 52 51 48 47 43 39 38 36 35 34 31 30 29 28 27 26 25 24 23 22 20 19 16 15 14 12 11 10 9 8 7 6 5 4 3 2 1 0 
117 92 73 70 62 55 53 52 51 48 43 39 38 36 35 34 32 31 30 29 28 27 26 25 24 23 22 21 20 19 16 15 14 12 11 10 9 8 7 6 5 4 3 2 1 0 
117 100 94 92 73 70 62 55 53 52 51 48 43 38 37 36 35 34 32 31 30 29 28 27 26 25 24 23 22 21 20 19 16 15 14 11 10 9 8 7 6 5 4 3 2 1 0 
117 100 92 90 73 70 62 55 53 52 51 48 43 38 37 36 35 32 31 30 29 28 27 26 25 24 23 22 21 20 19 16 15 14 12 11 10 9 8 7 6 5 4 3 2 1 0 
117 100 92 90 73 70 62 55 53 52 51 48 43 38 37 36 35 32 31 30 29 28 27 26 25 24 23 22 21 20 19 16 15 14 12 11 10 9 8 7 6 5 4 3 2 1 0 
117 100 94 92 90 73 70 62 55 53 52 51 48 43 38 37 36 35 32 31 30 29 28 27 26 25 24 23 21 20 19 18 16 15 12 11 10 9 8 7 6 5 4 3 2 1 0 
117 100 92 90 73 70 62 57 55 53 52 51 48 43 38 37 36 35 32 31 30 29 28 27 26 25 24 23 21 20 19 18 16 15 12 11 10 9 8 7 6 5 4 3 2 1 0 
117 100 92 90 73 70 62 57 55 53 52 51 48 43 38 37 36 35 32 31 30 29 28 27 26 25 24 23 21 20 19 18 16 15 12 11 10 9 8 7 6 5 4 3 2 1 0 
117 100 92 90 70 62 57 53 52 51 48 47 43 39 38 37 36 35 32 31 30 29 28 27 26 25 24 23 22 21 20 19 18 15 12 11 10 9 8 7 6 5 4 3 2 1 0 
117 100 95 92 90 70 68 57 52 51 47 43 39 38 37 36 35 32 31 30 29 28 27 26 25 24 23 22 21 20 19 18 16 15 14 12 11 10 9 8 7 6 5 4 3 2 1 0 
139 127 117 100 95 92 90 70 57 52 51 47 46 43 39 38 37 36 35 34 31 30 29 27 25 24 23 22 21 20 19 18 16 15 14 12 11 10 9 8 7 6 5 4 3 2 1 0 
139 117 100 95 92 90 70 68 57 50 47 46 43 39 38 37 36 34 31 30 29 27 25 24 23 22 21 20 19 18 17 16 15 14 12 11 10 9 8 7 6 5 4 3 2 1 0 
139 117 100 95 90 70 68 57 50 47 46 45 43 39 38 37 36 34 31 30 29 27 25 24 23 22 21 20 19 18 17 16 15 14 12 11 10 9 8 7 6 5 4 3 2 1 0 
139 117 100 95 90 70 68 57 50 47 46 45 43 39 38 37 36 34 31 30 29 27 25 24 23 22 21 20 19 18 17 16 15 14 12 11 10 9 8 7 6 5 4 3 2 1 0 
139 117 101 100 95 90 70 62 57 50 47 46 43 39 38 37 36 35 34 31 30 29 27 26 25 24 23 22 21 20 19 18 16 15 14 12 11 10 9 8 7 6 5 4 3 2 1 0 
139 117 100 92 90 70 62 57 51 47 46 43 39 38 37 36 35 34 31 30 29 28 27 26 25 24 23 22 21 20 19 18 16 15 14 12 11 10 9 8 7 6 5 4 3 2 1 0 
139 117 100 92 90 70 62 57 51 47 46 43 39 38 37 36 35 34 31 30 29 28 27 26 25 24 23 22 21 20 19 18 16 15 14 12 11 10 9 8 7 6 5 4 3 2 1 0 
117 92 90 70 62 57 51 48 47 43 39 38 37 36 35 34 31 30 29 28 27 26 25 24 23 22 21 20 19 18 17 16 15 14 12 11 10 9 8 7 6 5 4 3 2 1 0 
117 92 90 70 62 57 53 52 51 48 47 43 39 38 37 36 35 34 31 30 29 28 27 26 25 24 23 22 21 20 19 18 16 14 12 11 10 9 8 7 6 5 4 3 2 1 0 
117 92 90 70 62 57 53 52 51 48 47 43 39 38 37 36 35 34 31 30 29 28 27 26 25 24 23 22 21 20 19 18 16 14 12 11 10 9 8 7 6 5 4 3 2 1 0 
117 92 90 70 62 57 53 52 51 48 47 43 39 38 37 36 35 34 31 30 29 28 27 26 25 24 23 22 21 20 19 18 16 14 12 11 10 9 8 7 6 5 4 3 2 1 0 
117 92 90 70 62 57 53 52 51 48 47 43 39 38 37 36 35 34 32 31 30 29 28 27 26 25 24 23 21 20 19 18 16 14 12 11 10 9 8 7 6 5 4 3 2 1 0 
139 117 92 70 62 57 55 53 52 51 48 47 43 39 38 37 36 35 34 31 30 29 28 27 26 25 24 23 21 20 19 16 15 14 12 11 10 9 8 7 6 5 4 3 2 1 0 
92 73 70 62 57 55 53 52 51 48 47 43 39 38 37 36 35 34 31 30 29 28 27 26 25 24 23 21 20 19 16 15 14 12 11 10 9 8 7 6 5 4 3 2 1 0 
139 92 73 70 62 55 53 52 51 49 48 43 39 38 37 36 35 34 32 31 30 29 28 27 26 25 24 23 21 20 19 16 15 14 12 11 10 9 8 7 6 5 4 3 2 1 0 
117 92 73 70 62 55 53 52 51 48 43 39 38 36 35 34 32 31 30 29 28 27 26 25 24 23 22 21 20 19 16 15 14 12 11 10 9 8 7 6 5 4 3 2 1 0 
101 94 92 73 70 64 62 55 53 52 51 49 48 43 39 38 37 36 35 34 32 31 30 29 28 27 26 25 24 23 20 19 16 15 14 12 11 10 9 8 7 5 4 3 2 1 0 
117 100 94 92 73 70 64 62 55 53 52 51 48 43 38 37 36 35 32 31 30 29 28 27 26 25 24 23 21 20 19 16 15 14 12 11 10 9 8 7 6 5 4 3 2 1 0 
133 117 100 92 90 73 70 62 55 53 52 51 48 43 38 37 36 35 32 31 30 29 28 27 26 25 24 23 21 20 19 16 15 14 12 11 10 9 8 7 6 5 4 3 2 1 0 
117 100 92 90 73 70 62 55 53 52 51 48 43 38 37 36 35 32 31 30 29 28 27 26 25 24 23 21 20 19 17 16 15 14 12 11 10 9 8 7 6 5 4 3 2 1 0 
117 100 92 90 73 70 62 55 53 52 51 48 43 38 37 36 35 32 31 30 29 28 27 26 25 24 23 21 20 19 18 17 15 14 12 11 10 9 8 7 6 5 4 3 2 1 0 
117 100 92 90 73 70 62 55 53 52 51 48 43 38 37 36 35 32 31 30 29 28 27 26 25 24 23 21 20 19 18 17 15 14 12 11 10 9 8 7 6 5 4 3 2 1 0 
117 100 95 92 90 70 62 57 52 51 48 47 43 38 37 36 35 32 31 30 29 28 27 26 25 24 23 22 21 20 19 18 17 15 14 12 11 10 9 8 7 6 5 4 3 2 1 0 
117 100 95 92 90 70 57 52 51 47 43 39 38 37 36 35 32 31 30 29 28 27 26 25 24 23 22 21 20 19 18 17 16 15 14 12 11 10 9 8 7 6 5 4 3 2 1 0 
139 117 100 95 92 90 70 57 52 51 47 43 39 38 37 36 35 32 31 30 29 28 27 25 24 23 22 21 20 19 18 17 16 15 14 12 11 10 9 8 7 6 5 4 3 2 1 0 
139 117 100 95 92 90 70 68 57 50 47 46 43 39 38 37 36 34 31 30 29 27 25 24 23 22 21 20 19 18 17 16 15 14 12 11 10 9 8 7 6 5 4 3 2 1 0 
139 127 117 101 100 95 90 70 57 50 47 46 43 39 38 37 36 34 31 30 29 27 25 24 23 22 21 20 19 18 17 16 15 14 12 11 10 9 8 7 6 5 4 3 2 1 0 
139 117 101 100 95 90 70 68 57 50 47 46 45 43 39 38 37 36 34 31 30 29 27 25 24 23 22 21 20 19 18 17 16 15 14 12 10 9 8 7 6 5 4 3 2 1 0 
139 117 101 100 95 90 84 70 62 57 50 47 46 45 43 39 38 37 36 34 31 30 29 27 26 25 24 23 22 21 20 19 18 17 16 15 14 12 10 8 7 6 5 4 3 2 1 0 
139 117 100 95 92 90 70 62 57 47 46 45 43 39 38 37 36 34 31 30 29 28 27 26 25 24 23 22 21 20 19 18 17 16 15 14 12 10 9 8 7 6 5 4 3 2 1 0 
139 117 100 92 90 70 62 57 51 47 46 43 39 38 37 36 35 34 31 30 29 28 27 26 25 24 23 22 21 20 19 18 16 15 14 12 11 10 9 8 7 6 5 4 3 2 1 0 
117 92 90 70 62 57 51 48 47 43 39 38 37 36 35 34 31 30 29 28 27 26 25 24 23 22 21 20 19 18 17 16 15 14 12 11 10 9 8 7 6 5 4 3 2 1 0 
117 92 90 70 62 57 52 51 48 47 43 39 38 37 36 35 34 31 30 29 28 27 26 25 24 23 22 21 20 19 18 17 16 14 12 11 10 9 8 7 6 5 4 3 2 1 0 
117 92 90 70 62 57 53 52 51 48 47 43 39 38 37 36 35 34 31 30 29 28 27 26 25 24 23 22 21 20 19 18 16 14 12 11 10 9 8 7 6 5 4 3 2 1 0 
117 92 90 70 62 57 53 52 51 48 47 43 39 38 37 36 35 34 31 30 29 28 27 26 25 24 23 22 21 20 19 18 16 14 12 11 10 9 8 7 6 5 4 3 2 1 0 
117 101 92 90 70 62 57 53 52 51 48 47 43 39 38 37 36 35 34 31 30 29 28 27 26 25 24 23 21 20 19 16 15 14 12 11 10 9 8 7 6 5 4 3 2 1 0 
117 92 70 62 55 53 52 51 49 48 47 43 39 38 37 36 35 34 31 30 29 28 27 26 25 24 23 22 21 20 19 16 15 14 12 11 10 9 8 7 6 5 4 3 2 1 0 
117 101 92 70 62 55 53 52 51 48 43 39 38 37 36 35 34 32 31 30 29 28 27 26 25 24 23 22 21 20 19 16 15 14 12 11 10 9 8 7 6 5 4 3 2 1 0 
117 101 92 73 70 62 55 53 52 51 49 48 43 39 38 37 36 35 34 32 31 30 29 28 27 26 25 24 23 22 20 19 16 15 14 11 10 9 8 7 6 5 4 3 2 1 0 
127 124 117 101 92 73 70 62 55 53 52 51 48 43 39 38 37 36 35 34 32 31 30 29 28 27 26 25 24 23 22 20 19 16 15 14 11 10 9 8 7 5 4 3 2 1 0 
127 117 101 100 92 73 70 64 62 55 53 52 51 49 48 43 38 37 36 35 32 31 30 29 28 27 26 25 24 23 22 20 19 16 15 14 12 11 10 9 8 7 5 4 3 2 1 0 
127 117 100 96 92 90 73 70 62 55 53 52 51 49 48 43 38 37 36 35 32 31 30 29 28 27 26 25 24 23 22 20 19 16 15 14 12 11 10 9 8 7 5 4 3 2 1 0 
117 92 90 73 70 62 55 53 52 51 49 48 43 40 38 37 36 35 32 31 30 29 28 27 26 25 24 23 21 20 19 16 15 14 12 11 10 9 8 7 6 5 4 3 2 1 0 
117 92 90 73 70 62 55 53 52 51 49 48 43 40 38 37 36 35 32 31 30 29 28 27 26 25 24 23 21 20 19 18 15 14 12 11 10 9 8 7 6 5 4 3 2 1 0 
117 92 90 84 73 70 62 57 55 53 52 51 48 43 38 37 36 35 32 31 30 29 28 27 26 25 24 23 21 20 19 18 15 14 12 11 10 9 8 7 6 5 4 3 2 1 0 
117 92 90 70 62 57 55 53 52 51 48 43 38 37 36 35 32 31 30 29 28 27 26 25 24 23 22 21 20 19 18 17 15 14 12 11 10 9 8 7 6 5 4 3 2 1 0 
117 92 90 70 57 53 52 51 47 43 39 38 37 36 35 32 31 30 29 28 27 26 25 24 23 22 21 20 19 18 17 16 15 14 12 11 10 9 8 7 6 5 4 3 2 1 0 
139 127 117 100 95 92 90 70 68 57 52 51 47 43 39 38 37 36 35 32 31 30 29 27 25 24 23 22 21 20 19 18 16 15 14 12 11 10 9 8 7 6 5 4 3 2 1 0 
139 117 100 95 92 90 70 68 57 47 46 43 39 38 37 36 34 32 31 30 29 27 25 24 23 22 21 20 19 18 17 16 15 14 12 11 10 9 8 7 6 5 4 3 2 1 0 
139 117 101 100 95 90 84 70 68 57 50 47 46 43 39 38 37 36 34 31 30 29 27 25 24 23 22 21 20 19 18 17 16 15 14 12 10 9 8 7 6 5 4 3 2 1 0 
139 117 105 101 100 95 90 84 70 68 57 50 47 46 43 39 38 37 36 34 31 30 29 27 25 24 23 22 21 20 19 18 16 15 14 12 10 9 8 7 6 5 4 3 2 1 0 
139 117 101 100 95 90 70 68 62 57 47 46 43 39 38 37 36 35 34 31 30 29 27 26 25 24 23 22 21 20 19 18 16 15 14 12 11 10 9 8 7 6 5 4 3 2 1 0 
139 117 100 95 90 84 70 68 62 57 47 46 43 39 38 37 36 35 34 31 30 29 27 26 25 24 23 22 21 20 19 18 16 15 14 12 11 10 9 8 7 6 5 4 3 2 1 0 
117 100 95 92 90 70 62 57 52 47 46 43 39 38 37 36 35 34 31 30 29 28 27 26 25 24 23 22 21 20 19 18 16 15 14 12 11 10 9 8 7 6 5 4 3 2 1 0 
139 117 100 92 90 84 70 62 57 48 47 46 43 39 38 37 36 35 34 31 30 28 27 26 25 24 23 22 21 20 19 18 16 15 14 12 11 10 9 8 7 6 5 4 3 2 1 0 
117 101 92 90 70 62 57 51 48 47 43 39 38 37 36 35 34 31 30 29 28 27 26 25 24 23 22 21 20 19 18 16 15 14 12 11 10 9 8 7 6 5 4 3 2 1 0 
117 92 90 70 62 57 53 51 48 47 43 39 38 37 36 35 34 31 30 29 28 27 26 25 24 23 22 21 20 19 18 16 15 14 12 11 10 9 8 7 6 5 4 3 2 1 0 
139 117 95 92 90 62 57 52 51 48 47 43 39 38 37 36 35 34 31 30 29 28 27 26 25 24 23 22 21 20 19 18 16 15 14 12 11 10 9 8 7 6 5 4 3 2 1 0 
139 117 92 90 62 57 53 52 51 49 48 47 43 39 38 37 36 35 34 31 30 29 28 27 26 25 24 23 21 20 19 18 16 15 14 12 11 10 9 8 7 6 5 4 3 2 1 0 
117 92 90 70 62 57 53 52 51 48 47 43 39 38 37 36 35 34 31 30 29 28 27 26 25 24 23 21 20 19 18 16 15 14 12 11 10 9 8 7 6 5 4 3 2 1 0 
117 92 70 62 57 55 53 52 51 48 43 39 38 37 36 35 34 32 31 30 29 28 27 26 25 24 23 22 21 20 19 16 15 14 12 11 10 9 8 7 6 5 4 3 2 1 0 
117 101 92 70 62 55 53 52 51 48 43 39 38 37 36 35 34 32 31 30 29 28 27 26 25 24 23 22 21 20 19 16 15 14 12 11 10 9 8 7 6 5 4 3 2 1 0 
101 92 73 70 62 55 53 52 51 49 48 43 38 37 36 35 34 32 31 30 29 28 27 26 25 24 23 22 20 19 18 16 15 14 12 11 10 9 8 7 6 5 4 3 2 1 0 
127 124 117 92 73 70 64 62 55 53 52 51 49 48 43 38 37 36 35 32 31 30 29 28 27 26 25 24 23 22 20 19 16 15 14 11 10 9 8 7 6 5 4 3 2 1 0 
160 124 117 94 92 90 73 70 62 55 53 52 51 49 48 43 38 37 36 35 32 31 30 29 28 27 26 25 24 23 22 20 19 18 16 15 14 11 10 9 8 7 5 4 3 2 1 0 
127 124 117 94 92 90 73 70 62 55 53 52 51 49 48 43 38 37 36 35 32 31 30 29 28 27 26 25 24 23 21 20 19 18 16 15 14 11 10 9 8 7 5 4 3 2 1 0 
117 94 92 90 73 70 62 55 53 52 51 48 43 38 37 36 35 32 31 30 29 28 27 26 25 24 23 21 20 19 18 16 15 14 12 11 10 9 8 7 6 5 4 3 2 1 0 
117 94 92 90 73 70 62 55 53 52 51 48 43 38 37 36 35 32 31 30 29 28 27 26 25 24 23 21 20 19 18 16 15 14 12 11 10 9 8 7 6 5 4 3 2 1 0 
117 92 90 70 68 62 57 55 53 52 51 48 43 38 37 36 35 32 31 30 29 28 27 26 25 24 23 22 21 20 19 18 15 14 12 11 10 9 8 7 6 5 4 3 2 1 0 
117 92 90 70 62 57 55 53 52 51 48 43 39 38 37 36 35 32 31 30 29 28 27 26 25 24 23 22 21 20 19 18 15 14 12 11 10 9 8 7 6 5 4 3 2 1 0 
117 95 92 90 70 68 57 52 51 48 47 43 39 38 37 36 35 32 31 30 29 27 25 24 23 22 21 20 19 18 17 16 15 14 12 11 10 9 8 7 6 5 4 3 2 1 0 
139 117 100 95 92 90 84 70 68 57 51 47 46 43 39 38 37 36 35 32 31 30 29 27 25 24 23 22 21 20 19 18 16 15 14 12 11 10 9 8 7 6 5 4 3 2 1 0 
139 117 101 100 95 90 84 70 68 57 50 47 46 43 39 38 37 36 34 31 30 29 27 25 24 23 22 21 20 19 18 17 16 15 14 12 10 9 8 7 6 5 4 3 2 1 0 
139 117 101 100 95 90 70 68 57 50 47 46 45 43 39 38 37 36 34 31 30 29 27 25 24 23 22 21 20 19 18 17 16 15 14 12 10 9 8 7 6 5 4 3 2 1 0 
139 117 101 100 95 90 84 70 68 57 50 47 46 43 39 38 37 36 34 31 30 29 27 25 24 23 22 21 20 19 18 17 16 15 14 12 10 9 8 7 6 5 4 3 2 1 0 
139 124 117 101 100 95 90 84 70 62 57 47 46 43 39 38 37 36 35 34 31 30 29 27 26 25 24 23 22 21 20 19 18 16 15 14 12 10 9 8 7 6 5 4 3 2 1 0 
139 124 117 100 95 92 90 70 62 57 47 46 43 39 38 37 36 35 34 31 30 29 27 26 25 24 23 22 21 20 19 18 16 15 14 12 11 10 9 8 7 6 5 4 3 2 1 0 
117 100 92 90 84 70 62 57 52 47 46 43 39 38 37 36 35 34 31 30 29 28 27 26 25 24 23 22 21 20 19 18 16 15 14 12 11 10 9 8 7 6 5 4 3 2 1 0 
139 117 92 90 70 62 57 52 51 48 46 43 39 38 37 36 35 34 31 30 29 28 27 26 25 24 23 22 21 20 19 18 16 15 14 12 11 10 9 8 7 6 5 4 3 2 1 0 
124 117 92 90 70 62 57 51 48 47 43 39 38 37 36 35 34 31 30 29 28 27 26 25 24 23 22 21 20 19 18 16 15 14 12 11 10 9 8 7 6 5 4 3 2 1 0 
124 117 92 90 70 62 57 51 48 47 43 39 38 37 36 35 34 31 30 29 28 27 26 25 24 23 22 21 20 19 18 16 15 14 12 11 10 9 8 7 6 5 4 3 2 1 0 
124 117 92 90 70 62 57 51 48 47 43 39 38 37 36 35 34 31 30 29 28 27 26 25 24 23 22 21 20 19 18 16 15 14 12 11 10 9 8 7 6 5 4 3 2 1 0 
124 117 92 90 62 57 53 52 51 48 47 43 39 38 37 36 35 34 31 30 29 28 27 26 25 24 23 21 20 19 18 16 15 14 12 11 10 9 8 7 6 5 4 3 2 1 0 
124 117 92 62 57 53 52 51 48 47 43 39 38 37 36 35 34 31 30 29 28 27 26 25 24 23 22 21 20 19 18 16 15 14 12 11 10 9 8 7 6 5 4 3 2 1 0 
124 117 92 90 62 55 53 52 51 48 43 39 38 37 36 35 34 31 30 29 28 27 26 25 24 23 22 21 20 19 18 16 15 14 12 11 10 9 8 7 6 5 4 3 2 1 0 
157 139 124 117 92 84 73 64 62 57 53 52 51 49 48 43 39 38 37 36 35 31 30 29 28 27 26 25 24 23 21 20 19 16 15 14 12 11 10 9 8 7 5 4 3 2 1 0 
124 92 73 70 62 57 55 53 52 51 49 48 43 39 38 37 36 35 34 32 31 30 29 28 27 26 25 24 23 21 20 19 16 15 14 12 11 10 9 8 7 5 4 3 2 1 0 
127 124 117 94 92 73 70 62 55 53 52 51 48 43 39 38 37 36 35 34 32 31 30 29 28 27 26 25 24 23 22 20 19 16 15 14 11 10 9 8 7 5 4 3 2 1 0 
160 124 117 94 92 73 70 62 55 53 52 51 49 48 43 38 37 36 35 32 31 30 29 28 27 26 25 24 23 22 20 19 18 16 15 14 12 11 10 9 8 7 5 4 3 2 1 0 
160 127 124 117 101 94 92 90 73 70 62 55 53 52 51 49 48 43 38 37 36 35 32 31 30 29 28 27 26 25 24 23 20 19 18 15 14 11 10 9 8 7 5 4 3 2 1 0 
160 117 94 92 90 73 70 62 55 53 52 51 48 43 38 37 36 35 32 31 30 29 28 27 26 25 24 23 21 20 19 18 15 14 12 11 10 9 8 7 6 5 4 3 2 1 0 
160 117 94 92 90 73 70 62 55 53 52 51 48 43 38 37 36 35 32 31 30 29 28 27 26 25 24 23 21 20 19 18 15 14 12 11 10 9 8 7 6 5 4 3 2 1 0 
117 94 92 90 70 62 57 55 53 52 51 49 48 43 38 37 36 35 32 31 30 29 28 27 26 25 24 23 21 20 19 18 16 15 14 12 11 10 9 8 7 6 5 4 3 2 1 0 
117 113 92 90 70 62 57 53 52 51 48 43 39 38 37 36 35 32 31 30 29 28 27 26 25 24 23 21 20 19 18 16 15 14 12 11 10 9 8 7 6 5 4 3 2 1 0 
117 113 95 92 90 84 70 57 52 51 47 43 39 38 37 36 35 32 31 30 29 28 27 25 24 23 22 21 20 19 18 16 15 14 12 11 10 9 8 7 6 5 4 3 2 1 0 
140 139 117 113 95 92 90 84 70 57 52 51 47 43 39 38 37 36 35 31 30 29 27 25 24 23 22 21 20 19 18 16 15 14 12 11 10 9 8 7 6 5 4 3 2 1 0 
139 124 117 113 100 95 92 90 84 70 57 47 46 43 39 38 37 36 35 31 30 29 27 25 24 23 22 21 20 19 18 17 16 15 14 12 10 9 8 7 6 5 4 3 2 1 0 
139 124 117 113 100 95 90 70 57 50 47 46 43 39 38 37 36 34 31 30 29 27 25 24 23 22 21 20 19 18 17 16 15 14 12 10 9 8 7 6 5 4 3 2 1 0 
139 124 117 113 100 95 90 70 68 57 47 46 43 39 38 37 36 34 31 30 29 27 25 24 23 22 21 20 19 18 17 16 15 14 12 10 9 8 7 6 5 4 3 2 1 0 
139 124 117 113 100 95 90 84 70 57 47 46 43 39 38 37 36 35 34 31 30 29 27 26 25 24 23 22 21 20 19 18 16 15 14 12 10 9 8 7 6 5 4 3 2 1 0 
139 124 117 113 100 95 90 70 62 57 47 46 43 39 38 37 36 35 34 31 30 27 26 25 24 23 21 20 19 18 17 16 15 14 12 11 10 9 8 7 6 5 4 3 2 1 0 
124 117 113 100 92 90 70 62 48 47 43 39 38 37 36 34 31 30 28 27 26 25 24 23 22 21 20 19 18 17 16 15 14 12 11 10 9 8 7 6 5 4 3 2 1 0 
139 124 117 113 100 92 90 62 52 48 47 43 39 38 37 36 35 34 31 30 28 27 26 25 24 23 21 20 19 18 17 16 15 14 12 11 10 9 8 7 6 5 4 3 2 1 0 
124 117 113 92 90 62 51 48 47 43 39 38 37 36 35 34 31 30 28 27 26 25 24 23 22 21 20 19 18 17 16 15 14 12 11 10 9 8 7 6 5 4 3 2 1 0 
124 117 113 92 90 62 51 48 47 43 39 38 37 36 35 34 31 30 28 27 26 25 24 23 22 21 20 19 18 17 16 15 14 12 11 10 9 8 7 6 5 4 3 2 1 0 
