6.56141
6.67514
7.05102
6.42874
6.50612
6.50404
6.53478
6.48908
6.59425
6.60832
6.65541
6.59417
6.56882
6.56809
6.58488
6.62187
6.52426
6.50987
6.4412
6.40713
6.42148
6.55132
6.67865
6.70424
6.73133
6.64586
6.60212
6.50977
6.50546
6.51243
6.60288
6.62176
6.7005
6.68581
6.66679
6.63162
6.64752
6.68886
6.69811
6.75075
6.7061
6.64945
6.58436
6.47338
6.48233
6.55831
6.72966
6.69686
6.58588
6.77482
7.00107
6.5383
6.53887
6.51137
6.59791
6.70581
6.75329
6.7679
6.7051
6.68888
6.67983
6.66032
6.73504
6.73911
6.70763
6.66098
6.60714
6.43689
6.4805
6.5787
6.71659
6.81474
6.63673
6.78524
6.85867
6.65026
6.62523
6.61935
6.65537
6.68911
6.71952
6.73305
6.71744
6.67429
6.68413
6.71839
6.72417
6.76733
6.75448
6.70596
6.63973
6.58907
6.55951
6.59912
6.69415
6.80986
6.69349
6.82443
6.83021
6.6744
6.63972
6.66166
6.67409
6.7368
6.75013
6.74651
6.74169
6.68613
6.6813
6.68968
6.72954
6.70407
6.60706
6.67957
6.70061
6.66656
6.56238
6.56996
6.38654
6.70811
6.74374
6.67344
6.3869
6.73158
6.62454
6.57676
6.6673
6.69261
6.71246
6.72814
6.74585
6.69422
6.66857
6.71506
6.71766
6.70896
6.66833
6.64031
6.61149
6.53341
6.47738
6.58152
6.68422
6.82174
6.83513
6.8176
6.72475
6.65375
6.61978
6.61406
6.64423
6.64597
6.69649
6.72262
6.69897
6.71833
6.68109
6.69682
6.71087
6.73366
6.71675
6.6779
6.62412
6.55526
6.52364
6.61575
6.78506
6.84592
6.76654
6.74618
6.64871
6.61045
6.49507
6.5932
6.56287
6.5809
6.6732
6.67028
6.66783
6.6303
6.61289
6.65099
6.67909
6.71474
6.63703
6.59642
6.53825
6.46075
6.47448
6.58088
6.74385
6.82372
6.69542
6.67108
6.56958
6.62519
6.55805
6.59233
6.5467
6.45683
6.48473
6.49952
6.52245
6.48872
6.44055
6.42787
6.45947
6.48408
6.54638
6.45157
6.44917
6.38133
6.3699
6.36683
6.56818
6.59529
6.64708
6.58776
6.39522
6.4289
6.38347
6.39884
6.39694
6.07385
6.09999
6.39491
6.39201
6.38095
6.58647
6.56329
6.59102
6.56887
6.47505
6.44589
6.47194
6.46725
6.55089
6.60638
6.6453
6.62973
6.64975
6.60196
6.52951
6.60437
6.66275
6.57198
6.59557
6.55823
6.50453
6.47787
6.40075
6.4533
6.5778
6.5006
6.65987
6.53418
6.517
6.36677
6.38526
6.434
6.49999
6.54046
6.57315
6.60315
6.58621
6.58727
6.55002
6.57081
6.55176
6.53598
6.4994
6.44318
6.38637
6.35414
6.42311
6.45784
6.56448
6.53468
6.49249
6.44398
6.4038
6.38663
6.35063
6.32266
6.45045
6.53218
6.5776
6.60094
6.5798
6.55972
6.50939
6.46704
6.506
6.53936
6.48682
6.46244
6.45463
6.42253
6.40119
6.48722
6.59184
6.56481
6.52317
6.39107
6.3751
6.41372
6.40282
6.4643
6.52375
6.58491
6.61925
6.58617
6.6943
6.49789
6.5144
6.59771
6.65831
6.6614
6.61821
6.57438
6.48548
6.45485
6.47537
6.61238
6.69228
6.60141
6.54134
6.14555
6.48706
6.52522
6.41829
6.50528
6.53998
6.61344
6.66591
6.64165
6.61209
6.55514
6.57625
6.60621
6.64083
6.61773
6.61013
6.55039
6.46045
6.43426
6.4884
6.58498
6.71774
6.67087
6.63448
6.55909
6.50012
6.4801
6.54529
6.50348
6.59108
6.58889
6.63873
6.70655
6.61973
6.58158
6.5642
6.66744
6.64523
6.70574
6.67003
6.6651
6.49574
6.47967
6.51224
6.59453
6.74385
6.6518
6.63499
6.60653
6.53581
6.55149
6.52467
6.56761
6.55141
6.68778
6.61682
6.75106
6.71804
6.69426
6.62164
6.67034
6.64326
6.75112
6.72924
6.63746
6.56777
6.52398
6.45605
6.54809
6.65995
6.7002
6.72588
6.63438
6.59279
6.55612
6.59833
6.59987
6.61873
6.77268
6.74652
6.79528
6.80487
6.77863
6.7863
6.81494
6.80069
6.82752
6.77746
6.71228
6.66919
6.58138
6.53481
6.58627
6.67529
6.69235
6.67132
6.72326
6.65802
6.49245
6.58876
6.60596
6.65928
6.71315
6.77173
6.7396
6.79143
6.73685
6.71485
6.70419
6.7121
6.6763
6.61165
6.54791
6.43127
6.4382
6.46446
6.53072
6.66362
6.6346
6.64855
6.57983
6.58547
6.55466
6.53058
6.49727
7.0782
6.44441
6.57476
6.64373
6.63853
6.60949
6.62354
6.66645
6.66811
6.63247
6.56198
6.47358
6.39782
6.3822
6.44631
6.56569
6.64784
6.53626
6.63287
6.53637
6.50419
6.50425
6.50158
6.5726
6.58218
6.28871
6.72649
6.58591
6.5227
6.57521
6.55064
6.59885
6.62637
6.39283
6.3259
6.39384
6.57096
6.71077
6.77029
6.85084
6.96318
6.80012
6.72509
6.71686
6.76773
6.73567
6.78643
6.8404
