6.54971
6.58419
6.90995
6.4006
6.50722
6.52676
6.53821
6.53085
6.61238
6.65922
6.69694
6.59386
6.58197
6.58249
6.63077
6.65015
6.64316
6.54025
6.48927
6.39618
6.40278
6.51717
6.68691
6.78453
6.72874
6.65477
6.60483
6.52346
6.48574
6.51181
6.57731
6.65273
6.70934
6.73359
6.74218
6.69453
6.65807
6.68775
6.72588
6.73364
6.72451
6.64326
6.55028
6.45964
6.45947
6.58323
6.7638
6.82653
6.74402
6.72079
6.66303
6.58563
6.6268
6.68402
6.69048
6.67926
6.78193
6.7895
6.81236
6.75174
6.73052
6.66351
6.75179
6.75814
6.75694
6.69063
6.61438
6.48819
6.47443
6.53434
6.65518
6.79205
6.82992
6.85827
6.84722
6.64924
6.64934
6.66351
6.70052
6.74071
6.78784
6.80971
6.78335
6.71936
6.6857
6.69333
6.70699
6.75355
6.7758
6.71731
6.65292
6.5579
6.5294
6.56959
6.66327
6.80833
6.83449
6.85829
6.84696
6.69535
6.66559
6.65324
6.67664
6.73559
6.79534
6.80932
6.79749
6.7687
6.74077
6.75123
6.75995
6.75915
6.71522
6.6438
6.55341
6.43872
6.39264
6.40505
6.47687
6.6276
6.74614
6.7515
6.75391
6.70791
6.65033
6.57688
6.64723
6.67368
6.7415
6.85321
6.80783
6.77979
6.65707
6.70703
6.67983
6.71233
6.6832
6.66332
6.58218
6.50265
6.50034
6.59077
6.7519
6.82887
6.84193
6.79553
6.69848
6.65788
6.62954
6.67287
6.68304
6.70928
6.75659
6.78409
6.72996
6.70999
6.66094
6.74297
6.79639
6.79728
6.79063
6.71539
6.60256
6.50441
6.47689
6.59762
6.77813
6.85575
6.81207
6.75739
6.68908
6.64098
6.61435
6.61557
6.6438
6.65234
6.71723
6.77325
6.76051
6.6851
6.62971
6.63638
6.67616
6.70701
6.68518
6.63329
6.55344
6.45441
6.45351
6.54418
6.71234
6.79629
6.72875
6.6825
6.6288
6.58443
6.56946
6.55806
6.55207
6.51035
6.50605
6.5121
6.49586
6.44831
6.42615
6.41466
6.47295
6.51
6.53228
6.51795
6.43926
6.36889
6.33222
6.37259
6.50682
6.58473
6.52976
6.46751
6.40599
6.39398
6.43816
6.43383
6.44824
5.48944
5.46829
6.18283
6.38165
6.12501
6.54444
6.50752
6.53811
6.52238
6.42915
6.38099
6.35055
6.34183
6.41862
6.46023
6.58747
6.62576
6.62395
6.5215
6.44344
6.48719
6.623
6.58299
6.59298
6.5339
6.47627
6.42182
6.37247
6.42592
6.52947
6.5306
6.56122
6.48454
6.4278
6.38686
6.39871
6.4552
6.49851
6.56511
6.60992
6.60804
6.60172
6.54662
6.53736
6.5335
6.55078
6.53383
6.49214
6.44152
6.36779
6.3402
6.3762
6.46173
6.54522
6.55548
6.52296
6.46592
6.39029
6.36097
6.36001
6.3924
6.451
6.55228
6.58015
6.61888
6.58928
6.56613
6.50787
6.53933
6.58847
6.59922
6.56694
6.49011
6.407
6.36526
6.38687
6.49572
6.60507
6.56319
6.4884
6.40351
6.35734
6.3993
6.41231
6.48215
6.54179
6.5904
6.62433
6.60963
6.55727
6.50135
6.4888
6.62397
6.67775
6.71817
6.68505
6.566
6.4659
6.4285
6.46903
6.58491
6.67531
6.61342
6.55785
6.52866
6.48309
6.50947
6.38019
6.46354
6.53329
6.63869
6.69739
6.67564
6.64183
6.56079
6.58596
6.56
6.62823
6.61693
6.60988
6.55529
6.43364
6.3949
6.46562
6.52731
6.67787
6.6556
6.60261
6.5645
6.45328
6.45438
6.52427
6.55502
6.6041
6.639
6.69411
6.71693
6.64358
6.58819
6.56069
6.64154
6.69168
6.74836
6.71487
6.62616
6.49054
6.42613
6.47419
6.53123
6.67293
6.65466
6.60285
6.58271
6.48
6.54653
6.52024
6.62707
6.62115
6.70769
6.70512
6.76236
6.70285
6.65347
6.57696
6.65889
6.68132
6.75716
6.72329
6.65419
6.52473
6.47317
6.42481
6.51928
6.60675
6.708
6.66617
6.6291
6.58359
6.54659
6.58357
6.6142
6.66029
6.77776
6.77048
6.82775
6.81621
6.8019
6.76945
6.7794
6.75995
6.79776
6.78501
6.68765
6.61611
6.51491
6.50254
6.56505
6.66348
6.74324
6.74686
6.70752
6.63538
6.57595
6.5766
6.66131
6.68606
6.74596
6.77243
6.80458
6.79265
6.74518
6.74012
6.73709
6.73859
6.68967
6.62214
6.53422
6.42646
6.39602
6.45662
6.53439
6.63264
6.61671
6.6098
6.57361
6.54015
6.53498
6.55209
6.57714
6.65031
6.6547
6.69221
6.71548
6.6019
6.51474
6.56925
6.68682
6.7076
6.68764
6.61424
6.4913
6.39128
6.37277
6.44147
6.54307
6.63963
6.60132
6.61102
6.53698
6.48238
6.52001
6.49932
6.58447
6.60825
6.66499
6.7094
6.64083
6.57588
6.54475
6.57098
6.61749
6.69714
6.66081
6.60853
6.4785
6.42777
6.43408
6.45926
6.55064
6.6773
6.703
6.78153
6.66721
6.64363
6.5956
6.72549
6.78661
