0.321
0.333
0.341
0.331
0.333
0.331
0.329
0.333
0.332
0.331
0.333
0.332
0.333
0.334
0.336
0.334
0.332
0.332
0.335
0.33
0.334
0.334
0.335
0.337
0.334
0.346
0.339
0.335
0.337
0.338
0.33
0.331
0.335
0.328
0.333
0.337
0.327
0.336
0.335
0.336
0.334
0.327
0.327
0.334
0.322
0.334
0.337
0.335
0.335
0.332
0.336
0.331
0.337
0.332
0.328
0.337
0.333
0.329
0.336
0.331
0.344
0.341
0.353
0.338
0.336
0.332
0.333
0.331
0.302
0.328
0.3
0.337
0.336
0.302
0.33
0.304
0.302
0.335
0.305
0.306
0.31
0.333
0.307
0.301
0.308
0.309
0.307
0.306
0.331
0.304
0.301
0.306
0.305
0.313
0.305
0.301
0.302
0.305
0.307
0.305
0.305
0.307
0.308
0.302
0.33
0.305
0.304
0.306
0.317
0.311
0.307
0.308
0.303
0.307
0.334
0.305
0.31
0.313
0.306
0.302
0.305
0.303
0.305
0.31
0.308
0.304
0.301
0.304
0.306
0.302
0.301
0.305
0.312
0.311
0.308
0.308
0.307
0.308
0.306
0.302
0.306
0.308
0.303
0.312
0.308
0.306
0.306
0.307
0.303
0.309
0.307
0.305
0.302
0.303
0.31
0.304
0.313
0.31
0.309
0.308
0.308
0.306
0.306
0.309
0.3
0.308
0.303
0.312
0.34
0.312
0.305
0.307
0.304
0.307
0.304
0.313
0.304
0.302
0.303
0.303
0.303
0.308
0.316
0.308
0.307
0.308
0.306
0.306
0.306
0.314
0.31
0.307
0.309
0.298
0.31
0.317
0.305
0.304
0.303
0.305
0.307
0.318
0.361
0.351
0.337
0.328
0.345
0.322
0.327
0.357
0.329
0.334
0.325
0.322
0.312
0.32
0.309
0.308
0.313
0.303
0.306
0.312
0.317
0.339
0.34
0.313
0.311
0.311
0.311
0.308
0.308
0.31
0.312
0.308
0.31
0.311
0.3
0.312
0.306
0.313
0.305
0.305
0.309
0.313
0.323
0.312
0.307
0.313
0.307
0.307
0.316
0.303
0.306
0.327
0.316
0.317
0.321
0.308
0.31
0.307
0.311
0.312
0.307
0.307
0.311
0.31
0.312
0.308
0.312
0.306
0.308
0.311
0.31
0.309
0.304
0.333
0.307
0.314
0.306
0.306
0.31
0.304
0.303
0.306
0.309
0.307
0.312
0.304
0.315
0.31
0.32
0.314
0.305
0.304
0.315
0.31
0.314
0.311
0.309
0.318
0.312
0.313
0.303
0.313
0.312
0.309
0.31
0.32
0.306
0.304
0.308
0.312
0.31
0.307
0.316
0.313
0.308
0.309
0.308
0.315
0.316
0.313
0.314
0.31
0.307
0.312
0.308
0.314
0.317
0.312
0.31
0.314
0.315
0.309
0.316
0.319
0.312
0.306
0.304
0.31
0.312
0.31
0.314
0.313
0.311
0.311
0.308
0.311
0.311
0.314
0.311
0.311
0.311
0.313
0.317
0.312
0.308
0.311
0.307
0.311
0.317
0.313
0.312
0.313
0.321
0.306
0.31
0.31
0.302
0.311
0.313
0.309
0.308
0.311
0.313
0.307
0.31
0.304
0.312
0.304
0.305
0.303
0.307
0.328
0.309
0.307
0.307
0.304
0.308
0.313
0.309
0.306
0.314
0.306
0.308
0.323
0.304
0.305
0.309
0.305
0.308
0.304
0.318
0.31
0.314
0.308
0.315
0.309
0.31
0.302
0.305
0.316
0.318
0.31
0.309
0.325
0.306
0.305
0.31
0.31
0.309
0.31
0.315
0.316
0.311
0.31
0.308
0.313
0.314
0.31
0.304
0.31
0.309
0.314
0.307
0.307
0.322
0.315
0.311
0.315
0.312
0.306
0.306
0.304
0.318
0.307
0.323
0.314
0.31
0.308
0.31
0.308
0.307
0.316
0.315
0.3
0.304
0.31
0.307
0.307
0.321
0.31
0.314
0.311
0.305
0.306
0.31
0.311
0.309
0.328
0.308
0.315
0.311
0.304
0.311
0.313
0.308
0.312
0.309
0.308
0.31
0.319
0.31
0.311
0.31
0.31
0.314
0.309
0.308
0.318
0.342
0.314
0.311
0.31
0.31
0.308
0.313
0.319
0.305
0.312
