6.56878
6.69074
7.10748
6.44321
6.52797
6.52094
6.54946
6.53394
6.6298
6.61096
6.67072
6.60867
6.58811
6.59109
6.61463
6.63275
6.52867
6.51103
6.4412
6.40713
6.42853
6.56753
6.67865
6.71874
6.73344
6.6517
6.60657
6.52607
6.51175
6.51964
6.60288
6.63172
6.71354
6.70271
6.67938
6.63711
6.65372
6.69796
6.70344
6.76572
6.71108
6.64945
6.58502
6.47338
6.48295
6.57167
6.75162
6.74123
6.62312
6.80563
7.19721
6.5774
6.6225
6.57841
6.62644
6.70581
6.76376
6.77453
6.72502
6.71033
6.69996
6.69537
6.74392
6.75767
6.72545
6.67688
6.61961
6.46481
6.49555
6.58712
6.7261
6.82338
6.76091
6.82175
6.88977
6.66523
6.63067
6.62459
6.65631
6.69074
6.72373
6.74401
6.72429
6.68661
6.69106
6.72246
6.73803
6.77541
6.77315
6.71431
6.65468
6.59879
6.57711
6.59933
6.69655
6.80986
6.70482
6.82882
6.8324
6.6744
6.64068
6.66747
6.67409
6.74134
6.75013
6.7513
6.74241
6.69826
6.69884
6.71806
6.78216
6.76453
6.70399
6.76733
6.801
6.7514
6.64813
6.6055
6.49797
6.74262
6.76709
6.72695
6.89614
6.73158
6.62454
6.62476
6.6734
6.69261
6.71256
6.74907
6.75282
6.69951
6.68765
6.72325
6.71766
6.70896
6.67603
6.64144
6.61149
6.53367
6.47738
6.59449
6.68801
6.82795
6.84022
6.81784
6.73307
6.65375
6.62079
6.61953
6.64728
6.64597
6.70712
6.73929
6.7323
6.71833
6.68559
6.70387
6.72303
6.7376
6.71966
6.68216
6.62848
6.56085
6.54401
6.61852
6.78653
6.85204
6.77585
6.75159
6.6527
6.63112
6.524
6.5935
6.65088
6.62226
6.68538
6.67714
6.66847
6.63308
6.62497
6.65316
6.69811
6.72031
6.65545
6.61876
6.54608
6.47108
6.48082
6.58088
6.74392
6.82372
6.71786
6.67352
6.56958
6.63848
6.55867
6.59233
6.55062
6.46402
6.4868
6.50198
6.52245
6.48872
6.44835
6.46231
6.48452
6.49927
6.54638
6.46012
6.4597
6.39135
6.38125
6.37598
6.56862
6.60122
6.64708
6.59565
6.40364
6.447
6.39122
6.40557
6.43189
6.27191
6.29767
6.42316
6.41291
6.50019
6.61505
6.57548
6.59825
6.57831
6.48024
6.45339
6.48543
6.47511
6.55089
6.61768
6.6536
6.62973
6.65601
6.60368
6.54176
6.62088
6.6671
6.58223
6.59884
6.56504
6.5074
6.57895
6.41056
6.4533
6.5889
6.53094
6.66931
6.53477
6.5234
6.38203
6.40072
6.44925
6.49999
6.55984
6.58187
6.61459
6.59486
6.59595
6.55402
6.58198
6.55524
6.53598
6.4994
6.45009
6.38637
6.36703
6.42405
6.47139
6.57728
6.5373
6.49509
6.45089
6.49585
6.38663
6.35321
6.35304
6.45146
6.53889
6.58044
6.60094
6.5798
6.55972
6.52184
6.48744
6.51525
6.5457
6.52327
6.49463
6.45807
6.4254
6.40119
6.48722
6.59441
6.58183
6.52695
6.39281
6.3798
6.41477
6.40659
6.46728
6.52375
6.58491
6.62263
6.59414
6.79347
6.50048
6.53326
6.5981
6.65831
6.66976
6.64528
6.57833
6.49093
6.45485
6.47933
6.61238
6.69228
6.6078
6.54283
7.59309
6.54301
6.54846
6.46337
6.55091
6.53998
6.61344
6.66591
6.65678
6.6324
6.56885
6.60402
6.60963
6.64083
6.63015
6.61899
6.55039
6.46098
6.43758
6.4884
6.58554
6.71774
6.67145
6.64424
6.55909
6.50012
6.4801
6.54529
6.50348
6.59149
6.58889
6.64251
6.71944
6.62685
6.60855
6.60764
6.68252
6.66259
6.70574
6.67352
6.6651
6.51585
6.47967
6.51422
6.59453
6.74504
6.65935
6.63629
6.65148
6.53581
6.55149
6.52793
6.58721
6.56047
6.70062
6.61924
6.75106
6.72212
6.72887
6.64223
6.69308
6.66439
6.75751
6.72924
6.63746
6.56777
6.52748
6.46345
6.54809
6.66517
6.7002
6.72618
6.64222
6.63598
6.55612
6.59903
6.59987
6.61873
6.77306
6.74652
6.79671
6.80929
6.78018
6.80686
6.82302
6.80562
6.82752
6.78268
6.71324
6.67025
6.58848
6.53481
6.59338
6.67529
6.69337
6.67253
6.74005
6.6593
6.4996
6.58969
6.61959
6.65928
6.71315
6.77598
6.74983
6.79243
6.74345
6.72712
6.71753
6.72917
6.67852
6.61333
6.54808
6.43999
6.44856
6.46446
6.54092
6.66425
6.63461
6.66134
6.61267
6.59776
6.55466
6.53547
6.49727
7.30332
6.4505
6.62471
6.64515
6.65525
6.62619
6.63863
6.67598
6.66875
6.64743
6.57261
6.4821
6.40883
6.38796
6.45048
6.56569
6.65652
6.5482
6.65734
6.55274
6.52267
6.5374
6.50158
6.5726
6.58843
6.75369
6.77359
6.60525
6.61679
6.6045
6.57362
6.60684
6.64213
6.91402
6.90548
6.67351
6.57267
6.71897
6.77755
6.86023
6.96408
6.80012
6.75999
6.71686
6.79917
6.73754
6.8026
6.84432
