2568
2192
2657
3175
2136
2136
3208
2728
1996
2595
2000
1999
2417
1143
1254
1942
1675
2460
1737
1439
3141
2140
2314
1431
1952
2340
1593
2496
1919
2102
1918
3369
2266
1649
2760
1552
2398
1115
1489
2390
2711
2375
2206
2096
1400
1848
2002
2899
2477
1231
2466
2046
1874
2636
2884
2825
1778
2091
2470
2851
1991
2164
1620
1567
2754
3076
2231
2867
2488
1893
2488
3183
2253
3199
725
2760
2325
2097
2328
1099
2144
2485
3148
1968
1796
1977
2815
2468
1961
2578
2331
2847
1859
2080
2042
1409
2449
2428
2277
2135
1437
2025
2071
1800
2179
2513
3389
2377
2426
2230
1139
2258
2310
3731
2160
2452
2253
1583
2950
2719
2742
1736
3104
1445
2621
3569
1688
1939
2333
1976
1357
2315
1646
2554
1730
3191
1811
2084
2755
1546
2409
3047
1323
2383
2428
2736
1543
1493
2583
2450
2422
2479
1872
2411
2447
1852
3377
2554
1570
2662
1698
2739
2959
1789
2844
2518
2760
3396
2129
1828
1748
1792
2228
2476
2438
2763
2282
3134
2117
3883
2644
1767
1641
2559
2142
2696
2554
2231
1773
1378
2010
2780
2401
1537
2376
2502
1751
2365
2308
1598
2486
2606
2914
2897
1459
1719
2579
2578
2579
4048
2612
2945
2838
2659
2088
2723
1817
2134
1987
2322
3643
1170
2680
1320
1995
2918
2312
1637
1851
2676
1842
2402
2301
1889
3542
2649
1076
2384
1883
2778
1805
2206
2573
2786
1564
2076
1993
1888
3318
2513
1528
2817
3529
2885
1376
1988
3023
1856
2536
2732
1726
2239
500
1668
2125
1536
3239
1428
2014
2351
3126
1425
2962
2280
1694
2547
2392
1919
2315
2046
2341
2666
3212
1542
3535
1120
2184
2622
2440
1906
2151
1982
1925
2776
2485
1864
2806
2456
2755
2646
